candidate_id,temperature_K,Kdot,threshold_action,threshold_mode,tier,AK,AK_finite_difference,AT,AT_finite_difference,implicit_thermal_derivative,independent_root_thermal_derivative,agreement_passed,AT_method,refinement_relative_K_error
A_NATIVE,300.0,0.0005,0.07509316036236147,EXPONENTIAL_CRN_1720_ENGINE1,F0_INTRINSIC_OPENING,104.48595178891023,104.48595146026918,0.20739845360878073,0.2073984592481537,-0.001984941038081191,-0.0019849412112415976,True,analytic_barrier_and_renewal_quadrature,0.0
A_NATIVE,300.0,0.0005,0.07509316036236147,EXPONENTIAL_CRN_1720_ENGINE1,F1_EMISSION_BLUNTING,94.04509264939514,94.04509288090556,0.18494636960518118,0.18494636960518118,-0.0019665711882986877,-0.00196657151230184,True,finite_difference_transient_state_at_fixed_load,5.903388888839345e-12
A_NATIVE,325.0,0.0005,0.07509316036236147,EXPONENTIAL_CRN_1720_ENGINE1,F0_INTRINSIC_OPENING,113.96684687332669,113.96684567315684,0.19106646508936118,0.1910664695076969,-0.001676509180794746,-0.0016765092579928975,True,analytic_barrier_and_renewal_quadrature,0.0
A_NATIVE,325.0,0.0005,0.07509316036236147,EXPONENTIAL_CRN_1720_ENGINE1,F1_EMISSION_BLUNTING,102.72981008465267,102.72981013616399,0.16585274809416628,0.16585274809416628,-0.0016144559009453855,-0.001614455900731393,True,finite_difference_transient_state_at_fixed_load,4.250155782870024e-12
A_NATIVE,350.0,0.0005,0.07509316036236147,EXPONENTIAL_CRN_1720_ENGINE1,F0_INTRINSIC_OPENING,118.86918434308404,118.86918262226541,0.17720282904791335,0.17720283257979919,-0.001490738159155403,-0.0014907382005491243,True,analytic_barrier_and_renewal_quadrature,0.0
A_NATIVE,375.0,0.0005,0.07509316036236147,EXPONENTIAL_CRN_1720_ENGINE1,F0_INTRINSIC_OPENING,120.68772096194839,120.68771896579733,0.16526504087889418,0.16526504374757334,-0.001369360855948225,-0.0013693608810694258,True,analytic_barrier_and_renewal_quadrature,0.0
A_NATIVE,400.0,0.0005,0.07509316036236147,EXPONENTIAL_CRN_1720_ENGINE1,F0_INTRINSIC_OPENING,120.36968907281279,120.36968697169969,0.15486798488258682,0.15486798724530182,-0.0012866028489024815,-0.0012866028651448147,True,analytic_barrier_and_renewal_quadrature,0.0
A_NATIVE,425.0,0.0005,0.07509316036236147,EXPONENTIAL_CRN_1720_ENGINE1,F0_INTRINSIC_OPENING,118.54262519978222,118.54262310971642,0.1457266664166763,0.1457266683874181,-0.0012293187043148429,-0.001229318715507688,True,analytic_barrier_and_renewal_quadrature,0.0
A_NATIVE,450.0,0.0005,0.07509316036236147,EXPONENTIAL_CRN_1720_ENGINE1,F0_INTRINSIC_OPENING,115.63625310067498,115.63625109594743,0.1376241305867136,0.13762413224513992,-0.0011901469210256717,-0.0011901469300878986,True,analytic_barrier_and_renewal_quadrature,0.0
A_NATIVE,475.0,0.0005,0.07509316036236147,EXPONENTIAL_CRN_1720_ENGINE1,F0_INTRINSIC_OPENING,111.95245205241582,111.95245018436717,0.13039165242485704,0.130391653835078,-0.0011647056409609326,-0.0011647056482599893,True,analytic_barrier_and_renewal_quadrature,0.0
A_NATIVE,500.0,0.0005,0.07509316036236147,EXPONENTIAL_CRN_1720_ENGINE1,F0_INTRINSIC_OPENING,107.70761158934735,107.7076098892693,0.12389574272846905,0.12389574393907754,-0.0011502970022289748,-0.001150297008172263,True,analytic_barrier_and_renewal_quadrature,0.0
A_NATIVE,525.0,0.0005,0.07509316036236147,EXPONENTIAL_CRN_1720_ENGINE1,F0_INTRINSIC_OPENING,103.05935446107824,103.05935294318225,0.11802926370359863,0.11802926474841602,-0.0011452552203611364,-0.0011452552259250126,True,analytic_barrier_and_renewal_quadrature,0.0
A_NATIVE,550.0,0.0005,0.07509316036236147,EXPONENTIAL_CRN_1720_ENGINE1,F0_INTRINSIC_OPENING,98.12396761434168,98.12396628742891,0.11270516477327094,0.11270516568396616,-0.0011485997510438835,-0.0011485997555116256,True,analytic_barrier_and_renewal_quadrature,0.0
A_NATIVE,575.0,0.0005,0.07509316036236147,EXPONENTIAL_CRN_1720_ENGINE1,F0_INTRINSIC_OPENING,92.98808711411995,92.9880859750165,0.10785195794577436,0.10785195874196685,-0.00115984704377683,-0.0011598470489571078,True,analytic_barrier_and_renewal_quadrature,0.0
A_NATIVE,600.0,0.0005,0.07509316036236147,EXPONENTIAL_CRN_1720_ENGINE1,F0_INTRINSIC_OPENING,87.71671067077627,87.71670971475797,0.10341038481445153,0.10341038551545445,-0.00117891316288156,-0.0011789131682582443,True,analytic_barrier_and_renewal_quadrature,0.0
A_NATIVE,625.0,0.0005,0.07509316036236147,EXPONENTIAL_CRN_1720_ENGINE1,F0_INTRINSIC_OPENING,82.35879562425794,82.35879484201679,0.09933092120384399,0.09933092182447201,-0.0012060754464771105,-0.001206075452280242,True,analytic_barrier_and_renewal_quadrature,0.0
A_NATIVE,650.0,0.0005,0.07509316036236147,EXPONENTIAL_CRN_1720_ENGINE1,F0_INTRINSIC_OPENING,76.95122819577524,76.95122757551464,0.09557188385575038,0.09557188440785236,-0.0012419799670071732,-0.0012419799734653125,True,analytic_barrier_and_renewal_quadrature,0.0
A_NATIVE,675.0,0.0005,0.07509316036236147,EXPONENTIAL_CRN_1720_ENGINE1,F0_INTRINSIC_OPENING,71.52166636579427,71.52166589407427,0.092097979092509,0.09209797958608767,-0.001287693418963117,-0.0012876934265482198,True,analytic_barrier_and_renewal_quadrature,0.0
A_NATIVE,700.0,0.0005,0.07509316036236147,EXPONENTIAL_CRN_1720_ENGINE1,F0_INTRINSIC_OPENING,66.09058173403974,66.09058139613211,0.08887918334128282,0.08887918378420512,-0.0013448086097796576,-0.0013448086188594388,True,analytic_barrier_and_renewal_quadrature,0.0
A_NATIVE,725.0,0.0005,0.07509316036236147,EXPONENTIAL_CRN_1720_ENGINE1,F0_INTRINSIC_OPENING,60.67270966083394,60.672709441704775,0.08588988020188655,0.08588988060122649,-0.0014156262458363724,-0.0014156262563269628,True,analytic_barrier_and_renewal_quadrature,0.0
A_NATIVE,750.0,0.0005,0.07509316036236147,EXPONENTIAL_CRN_1720_ENGINE1,F0_INTRINSIC_OPENING,55.27803386251783,55.27803374608453,0.08310820521476511,0.08310820557563492,-0.0015034580539073402,-0.0015034580683437326,True,analytic_barrier_and_renewal_quadrature,0.0
A_NATIVE,775.0,0.0005,0.07509316036236147,EXPONENTIAL_CRN_1720_ENGINE1,F0_INTRINSIC_OPENING,49.91235969153882,49.912359662156454,0.08051557375754205,0.08051557408502497,-0.0016131389951333259,-0.0016131390143203639,True,analytic_barrier_and_renewal_quadrature,0.0
A_NATIVE,800.0,0.0005,0.07509316036236147,EXPONENTIAL_CRN_1720_ENGINE1,F0_INTRINSIC_OPENING,44.577441101149496,44.57744114293005,0.07809639919837137,0.07809639949653224,-0.001751926473777732,-0.0017519265003662632,True,analytic_barrier_and_renewal_quadrature,0.0
A_NATIVE,825.0,0.0005,0.07509316036236147,EXPONENTIAL_CRN_1720_ENGINE1,F0_INTRINSIC_OPENING,39.27045129959277,39.27045139643148,0.07583807269118892,0.07583807296335454,-0.0019311739534802685,-0.001931173992348878,True,analytic_barrier_and_renewal_quadrature,0.0
A_NATIVE,850.0,0.0005,0.07509316036236147,EXPONENTIAL_CRN_1720_ENGINE1,F0_INTRINSIC_OPENING,33.98210650380864,33.982106639378614,0.0737314540986871,0.07373145434800499,-0.002169714054966647,-0.002169714115518584,True,analytic_barrier_and_renewal_quadrature,0.0
A_NATIVE,875.0,0.0005,0.07509316036236147,EXPONENTIAL_CRN_1720_ENGINE1,F0_INTRINSIC_OPENING,28.691268092451587,28.691268249325663,0.07177265991531409,0.07177266014465555,-0.0025015506349890765,-0.002501550738827074,True,analytic_barrier_and_renewal_quadrature,0.0
A_NATIVE,900.0,0.0005,0.07509316036236147,EXPONENTIAL_CRN_1720_ENGINE1,F0_INTRINSIC_OPENING,23.349753671772632,23.349753831976017,0.0699683142056874,0.06996831441691054,-0.0029965332906390207,-0.002996533499528553,True,analytic_barrier_and_renewal_quadrature,0.0
A_NATIVE,925.0,0.0005,0.07509316036236147,EXPONENTIAL_CRN_1720_ENGINE1,F0_INTRINSIC_OPENING,17.845083179212246,17.845083333494216,0.0683479310984565,0.06834793129371519,-0.0038300707490159006,-0.003830071289585568,True,analytic_barrier_and_renewal_quadrature,0.0
A_NATIVE,950.0,0.0005,0.07509316036236147,EXPONENTIAL_CRN_1720_ENGINE1,F0_INTRINSIC_OPENING,11.958444043773527,11.958444210977692,0.06697424065423951,0.06697424083505599,-0.005600581514541717,-0.005600583610896326,True,analytic_barrier_and_renewal_quadrature,0.0
A_NATIVE,975.0,0.0005,0.07509316036236147,EXPONENTIAL_CRN_1720_ENGINE1,F0_INTRINSIC_OPENING,5.6766456931131914,5.676645837127126,0.06582083660603819,0.06582083677554529,-0.011595022864627765,-0.011595038168120686,True,analytic_barrier_and_renewal_quadrature,0.0
A_NATIVE,1000.0,0.0005,0.07509316036236147,EXPONENTIAL_CRN_1720_ENGINE1,F0_INTRINSIC_OPENING,1.428858328725135,1.4288583376043107,0.06401851768264241,0.06401851784146206,-0.04480396439286001,-0.04480393285439421,True,analytic_barrier_and_renewal_quadrature,0.0
A_NATIVE,1025.0,0.0005,0.07509316036236147,EXPONENTIAL_CRN_1720_ENGINE1,F0_INTRINSIC_OPENING,1.005520541940251,1.0055205420300695,0.061067029818117395,0.06106702996178104,-0.06073175760316397,-0.060731753193499216,True,analytic_barrier_and_renewal_quadrature,0.0
A_NATIVE,1050.0,0.0005,0.07509316036236147,EXPONENTIAL_CRN_1720_ENGINE1,F0_INTRINSIC_OPENING,1.000069390788055,1.0000693907841196,0.058187346781327316,0.058187346910871796,-0.05818330939563671,-0.05818330947406469,True,analytic_barrier_and_renewal_quadrature,0.0
A_NATIVE,1075.0,0.0005,0.07509316036236147,EXPONENTIAL_CRN_1720_ENGINE1,F0_INTRINSIC_OPENING,1.0000010659873517,1.00000106599607,0.05550050629513895,0.05550050641203175,-0.055500447132364295,-0.055500447247998075,True,analytic_barrier_and_renewal_quadrature,0.0
A_NATIVE,1100.0,0.0005,0.07509316036236147,EXPONENTIAL_CRN_1720_ENGINE1,F0_INTRINSIC_OPENING,1.0000000198060197,1.0000000198040482,0.05298914045536054,0.0529891405604932,-0.052989139405856596,-0.05298913951093276,True,analytic_barrier_and_renewal_quadrature,0.0
A_NATIVE,1125.0,0.0005,0.07509316036236147,EXPONENTIAL_CRN_1720_ENGINE1,F0_INTRINSIC_OPENING,1.0000000004396177,1.00000000044842,0.050635686702029156,0.05063568679631647,-0.05063568667976881,-0.05063568677391217,True,analytic_barrier_and_renewal_quadrature,0.0
A_NATIVE,1150.0,0.0005,0.07509316036236147,EXPONENTIAL_CRN_1720_ENGINE1,F0_INTRINSIC_OPENING,1.0000000000117026,1.0000000000065512,0.04842380114631827,0.04842380123032175,-0.04842380114575159,-0.0484238012301752,True,analytic_barrier_and_renewal_quadrature,0.0
A_NATIVE,1175.0,0.0005,0.07509316036236147,EXPONENTIAL_CRN_1720_ENGINE1,F0_INTRINSIC_OPENING,1.000000000000356,0.9999999999998899,0.04633808439229476,0.0463380844665684,-0.04633808439227827,-0.04633808446653731,True,analytic_barrier_and_renewal_quadrature,0.0
A_NATIVE,1200.0,0.0005,0.07509316036236147,EXPONENTIAL_CRN_1720_ENGINE1,F0_INTRINSIC_OPENING,1.0000000000000873,0.9999999999998899,0.04436381438092942,0.04436381444563153,-0.04436381438092555,-0.04436381444580917,True,analytic_barrier_and_renewal_quadrature,0.0
A_NATIVE,300.0,0.005,0.07509316036236147,EXPONENTIAL_CRN_1720_ENGINE1,F0_INTRINSIC_OPENING,94.7503822245665,94.7503823933915,0.2000428682610787,0.20004287363053042,-0.0021112618605269584,-0.0021112621039698354,True,analytic_barrier_and_renewal_quadrature,0.0
A_NATIVE,300.0,0.005,0.07509316036236147,EXPONENTIAL_CRN_1720_ENGINE1,F1_EMISSION_BLUNTING,85.57766076575476,85.57765575216258,0.18170061811442206,0.18170061811442206,-0.002123224875376968,-0.002123225219974323,True,finite_difference_transient_state_at_fixed_load,2.3716584252042594e-12
A_NATIVE,325.0,0.005,0.07509316036236147,EXPONENTIAL_CRN_1720_ENGINE1,F0_INTRINSIC_OPENING,106.14591516890607,106.14591433325992,0.18419349944994828,0.18419350365724174,-0.0017352858012185206,-0.0017352858997110587,True,analytic_barrier_and_renewal_quadrature,0.0
A_NATIVE,325.0,0.005,0.07509316036236147,EXPONENTIAL_CRN_1720_ENGINE1,F1_EMISSION_BLUNTING,96.12696069370561,96.12696264813758,0.16351274586348552,0.16351274586348552,-0.0017010081738097888,-0.0017010083677959642,True,finite_difference_transient_state_at_fixed_load,3.2795988147427124e-13
A_NATIVE,350.0,0.005,0.07509316036236147,EXPONENTIAL_CRN_1720_ENGINE1,F0_INTRINSIC_OPENING,112.55607955008806,112.55607807019396,0.1707729063213894,0.170772909681971,-0.0015172250757489695,-0.0015172251256601044,True,analytic_barrier_and_renewal_quadrature,0.0
A_NATIVE,375.0,0.005,0.07509316036236147,EXPONENTIAL_CRN_1720_ENGINE1,F0_INTRINSIC_OPENING,115.61619413311558,115.61619227610674,0.15923269743556523,0.1592327001636784,-0.0013772525434649012,-0.0013772525726007956,True,analytic_barrier_and_renewal_quadrature,0.0
A_NATIVE,400.0,0.005,0.07509316036236147,EXPONENTIAL_CRN_1720_ENGINE1,F0_INTRINSIC_OPENING,116.35288664792951,116.35288460434711,0.14919069403495536,0.14919069628066772,-0.0012822259793724695,-0.001282225998138209,True,analytic_barrier_and_renewal_quadrature,0.0
A_NATIVE,425.0,0.005,0.07509316036236147,EXPONENTIAL_CRN_1720_ENGINE1,F0_INTRINSIC_OPENING,115.44257212725111,115.4425700301509,0.14036675320344152,0.14036675507461904,-0.0012159011239693859,-0.0012159011369972106,True,analytic_barrier_and_renewal_quadrature,0.0
A_NATIVE,450.0,0.005,0.07509316036236147,EXPONENTIAL_CRN_1720_ENGINE1,F0_INTRINSIC_OPENING,113.34709949091781,113.34709743217263,0.13254878652407162,0.1325487881000864,-0.001169406073198127,-0.0011694060828526531,True,analytic_barrier_and_renewal_quadrature,0.0
A_NATIVE,475.0,0.005,0.07509316036236147,EXPONENTIAL_CRN_1720_ENGINE1,F0_INTRINSIC_OPENING,110.39056189452144,110.39055993600665,0.12557242546870515,0.12557242680865777,-0.00113752863753597,-0.001137528645078767,True,analytic_barrier_and_renewal_quadrature,0.0
A_NATIVE,500.0,0.005,0.07509316036236147,EXPONENTIAL_CRN_1720_ENGINE1,F0_INTRINSIC_OPENING,106.80534505440484,106.80534323728396,0.11930792844111159,0.11930792959136127,-0.0011170595289995847,-0.0011170595347564927,True,analytic_barrier_and_renewal_quadrature,0.0
A_NATIVE,525.0,0.005,0.07509316036236147,EXPONENTIAL_CRN_1720_ENGINE1,F0_INTRINSIC_OPENING,102.76098115401616,102.76097950022933,0.11365133234077403,0.11365133333346211,-0.0011059774932514084,-0.0011059774986388327,True,analytic_barrier_and_renewal_quadrature,0.0
A_NATIVE,550.0,0.005,0.07509316036236147,EXPONENTIAL_CRN_1720_ENGINE1,F0_INTRINSIC_OPENING,98.38287821107696,98.38287673479051,0.10851826102888472,0.10851826189293146,-0.00110301978354468,-0.0011030197884243087,True,analytic_barrier_and_renewal_quadrature,0.0
A_NATIVE,575.0,0.005,0.07509316036236147,EXPONENTIAL_CRN_1720_ENGINE1,F0_INTRINSIC_OPENING,93.76483354223834,93.76483224760257,0.10383947612236943,0.10383947687866435,-0.0011074458536269119,-0.0011074458582971403,True,analytic_barrier_and_renewal_quadrature,0.0
A_NATIVE,600.0,0.005,0.07509316036236147,EXPONENTIAL_CRN_1720_ENGINE1,F0_INTRINSIC_OPENING,88.97759716623149,88.97759605181132,0.09955761095498593,0.09955761162104171,-0.0011189064902369574,-0.001118906494890215,True,analytic_barrier_and_renewal_quadrature,0.0
A_NATIVE,625.0,0.005,0.07509316036236147,EXPONENTIAL_CRN_1720_ENGINE1,F0_INTRINSIC_OPENING,84.07485067775032,84.0748497379784,0.09562473067353755,0.09562473126337512,-0.0011373761583003774,-0.00113737616309173,True,analytic_barrier_and_renewal_quadrature,0.0
A_NATIVE,650.0,0.005,0.07509316036236147,EXPONENTIAL_CRN_1720_ENGINE1,F0_INTRINSIC_OPENING,79.09745122818705,79.09745045384663,0.09200048270593186,0.09200048323060095,-0.0011631282838750524,-0.0011631282891033656,True,analytic_barrier_and_renewal_quadrature,0.0
A_NATIVE,675.0,0.005,0.07509316036236147,EXPONENTIAL_CRN_1720_ENGINE1,F0_INTRINSIC_OPENING,74.07648325222964,74.07648263246136,0.0886506779198662,0.08865067838886631,-0.0011967452290899338,-0.0011967452349304075,True,analytic_barrier_and_renewal_quadrature,0.0
A_NATIVE,700.0,0.005,0.07509316036236147,EXPONENTIAL_CRN_1720_ENGINE1,F0_INTRINSIC_OPENING,69.03547138538738,69.0354709082852,0.08554619229437851,0.08554619271615937,-0.001239162861897774,-0.0012391628709851332,True,analytic_barrier_and_renewal_quadrature,0.0
A_NATIVE,725.0,0.005,0.07509316036236147,EXPONENTIAL_CRN_1720_ENGINE1,F0_INTRINSIC_OPENING,63.99198709045455,63.991986741176454,0.08266211237893774,0.0826621127582694,-0.0012917572361379,-0.0012917572443504888,True,analytic_barrier_and_renewal_quadrature,0.0
A_NATIVE,750.0,0.005,0.07509316036236147,EXPONENTIAL_CRN_1720_ENGINE1,F0_INTRINSIC_OPENING,58.95880029213146,58.95880005671206,0.07997707157698679,0.07997707191944592,-0.0013564908237737733,-0.0013564908342678095,True,analytic_barrier_and_renewal_quadrature,0.0
A_NATIVE,775.0,0.005,0.07509316036236147,EXPONENTIAL_CRN_1720_ENGINE1,F0_INTRINSIC_OPENING,53.94466765995621,53.94466752491223,0.07747274284352686,0.07747274315483388,-0.001436152009163935,-0.001436152021689896,True,analytic_barrier_and_renewal_quadrature,0.0
A_NATIVE,800.0,0.005,0.07509316036236147,EXPONENTIAL_CRN_1720_ENGINE1,F0_INTRINSIC_OPENING,48.954796071700954,48.95479602213148,0.07513347078693003,0.07513347107023893,-0.0015347519919577818,-0.0015347520083563992,True,analytic_barrier_and_renewal_quadrature,0.0
A_NATIVE,825.0,0.005,0.07509316036236147,EXPONENTIAL_CRN_1720_ENGINE1,F0_INTRINSIC_OPENING,43.990952849093496,43.990952870254226,0.0729460493135958,0.07294604957249096,-0.0016582057125207046,-0.001658205734833551,True,analytic_barrier_and_renewal_quadrature,0.0
A_NATIVE,850.0,0.005,0.07509316036236147,EXPONENTIAL_CRN_1720_ENGINE1,F0_INTRINSIC_OPENING,39.05106502128059,39.051065098394396,0.07089969720239574,0.07089969743917734,-0.0018155637282557969,-0.0018155637621353193,True,analytic_barrier_and_renewal_quadrature,0.0
A_NATIVE,875.0,0.005,0.07509316036236147,EXPONENTIAL_CRN_1720_ENGINE1,F0_INTRINSIC_OPENING,34.127812063533085,34.127812181807826,0.06898640541666815,0.06898640563448577,-0.0020214130717856023,-0.002021413119819293,True,analytic_barrier_and_renewal_quadrature,0.0
A_NATIVE,900.0,0.005,0.07509316036236147,EXPONENTIAL_CRN_1720_ENGINE1,F0_INTRINSIC_OPENING,29.204744646508782,29.20474479006341,0.06720217019871834,0.06720217039942522,-0.002301070288822124,-0.002301070367771718,True,analytic_barrier_and_renewal_quadrature,0.0
A_NATIVE,925.0,0.005,0.07509316036236147,EXPONENTIAL_CRN_1720_ENGINE1,F0_INTRINSIC_OPENING,24.24594296345258,24.245943115828172,0.06555044923213846,0.06555044941744637,-0.0027035636160221417,-0.0027035637634353904,True,analytic_barrier_and_renewal_quadrature,0.0
A_NATIVE,950.0,0.005,0.07509316036236147,EXPONENTIAL_CRN_1720_ENGINE1,F0_INTRINSIC_OPENING,19.17128625556093,19.171286405192944,0.06405019106522183,0.06405019123693734,-0.003340943857986737,-0.0033409441920717597,True,analytic_barrier_and_renewal_quadrature,0.0
A_NATIVE,975.0,0.005,0.07509316036236147,EXPONENTIAL_CRN_1720_ENGINE1,F0_INTRINSIC_OPENING,13.81971488872433,13.819715045120251,0.06274594766556688,0.06274594782496923,-0.004540321429985653,-0.00454032248211611,True,analytic_barrier_and_renewal_quadrature,0.0
A_NATIVE,1000.0,0.005,0.07509316036236147,EXPONENTIAL_CRN_1720_ENGINE1,F0_INTRINSIC_OPENING,8.038018551562388,8.038018722273943,0.061669575056091754,0.06166957520534755,-0.007672235969660053,-0.007672241322440598,True,analytic_barrier_and_renewal_quadrature,0.0
A_NATIVE,1025.0,0.005,0.07509316036236147,EXPONENTIAL_CRN_1720_ENGINE1,F0_INTRINSIC_OPENING,2.7273431795192287,2.7273432325713998,0.0604830716647171,0.06048307180615442,-0.022176553401460446,-0.022176587733788722,True,analytic_barrier_and_renewal_quadrature,0.0
A_NATIVE,1050.0,0.005,0.07509316036236147,EXPONENTIAL_CRN_1720_ENGINE1,F0_INTRINSIC_OPENING,1.056175827201138,1.0561758280469569,0.058168921910320935,0.05816892203979407,-0.05507503619399089,-0.05507500615014038,True,analytic_barrier_and_renewal_quadrature,0.0
A_NATIVE,1075.0,0.005,0.07509316036236147,EXPONENTIAL_CRN_1720_ENGINE1,F0_INTRINSIC_OPENING,1.0008914617623097,1.00089146177762,0.055500219671226966,0.055500219788124916,-0.055450787414556925,-0.05545078696275629,True,analytic_barrier_and_renewal_quadrature,0.0
A_NATIVE,1100.0,0.005,0.07509316036236147,EXPONENTIAL_CRN_1720_ENGINE1,F0_INTRINSIC_OPENING,1.0000165718795166,1.0000165718859755,0.052989135216946766,0.052989135322056846,-0.05298825710193428,-0.05298825719794564,True,analytic_barrier_and_renewal_quadrature,0.0
A_NATIVE,1125.0,0.005,0.07509316036236147,EXPONENTIAL_CRN_1720_ENGINE1,F0_INTRINSIC_OPENING,1.0000003678880065,1.0000003678789504,0.05063568658733559,0.050635686681643755,-0.050635667959080644,-0.05063566805305619,True,analytic_barrier_and_renewal_quadrature,0.0
A_NATIVE,1150.0,0.005,0.07509316036236147,EXPONENTIAL_CRN_1720_ENGINE1,F0_INTRINSIC_OPENING,1.0000000096509754,1.0000000096521688,0.04842380114333878,0.048423801227301944,-0.048423800676001875,-0.048423800760426516,True,analytic_barrier_and_renewal_quadrature,0.0
A_NATIVE,1175.0,0.005,0.07509316036236147,EXPONENTIAL_CRN_1720_ENGINE1,F0_INTRINSIC_OPENING,1.0000000002962282,1.000000000304091,0.0463380843922037,0.0463380844664707,-0.04633808437847706,-0.04633808445273502,True,analytic_barrier_and_renewal_quadrature,0.0
A_NATIVE,1200.0,0.005,0.07509316036236147,EXPONENTIAL_CRN_1720_ENGINE1,F0_INTRINSIC_OPENING,1.0000000000106142,1.0000000000087717,0.044363814380926195,0.0443638144456493,-0.04436381438045531,-0.04436381444538284,True,analytic_barrier_and_renewal_quadrature,0.0
A_NATIVE,300.0,0.05,0.07509316036236147,EXPONENTIAL_CRN_1720_ENGINE1,F0_INTRINSIC_OPENING,83.96595403916852,83.96595476391377,0.19270853218926007,0.1927085372503612,-0.002295079409201558,-0.002295079769045749,True,analytic_barrier_and_renewal_quadrature,0.0
A_NATIVE,300.0,0.05,0.07509316036236147,EXPONENTIAL_CRN_1720_ENGINE1,F1_EMISSION_BLUNTING,76.0719972968716,76.07199733446589,0.177977251557202,0.177977251557202,-0.002339589571477193,-0.0023395899029221567,True,finite_difference_transient_state_at_fixed_load,3.644085033727151e-12
A_NATIVE,325.0,0.05,0.07509316036236147,EXPONENTIAL_CRN_1720_ENGINE1,F0_INTRINSIC_OPENING,97.4466917829817,97.44669136529049,0.1773109071520363,0.17731091110863684,-0.001819568257349525,-0.00181956838824604,True,analytic_barrier_and_renewal_quadrature,0.0
A_NATIVE,325.0,0.05,0.07509316036236147,EXPONENTIAL_CRN_1720_ENGINE1,F1_EMISSION_BLUNTING,88.64071289585243,88.64071077010038,0.16051459730924478,0.16051459730924478,-0.0018108450627855384,-0.001810845101597458,True,finite_difference_transient_state_at_fixed_load,8.874012635828876e-12
A_NATIVE,350.0,0.05,0.07509316036236147,EXPONENTIAL_CRN_1720_ENGINE1,F0_INTRINSIC_OPENING,105.47237971947679,105.4723785165601,0.16432041606379566,0.16432041921981444,-0.0015579473649958032,-0.001557947427164308,True,analytic_barrier_and_renewal_quadrature,0.0
A_NATIVE,350.0,0.05,0.07509316036236147,EXPONENTIAL_CRN_1720_ENGINE1,F1_EMISSION_BLUNTING,96.0945277384911,96.09453082930263,0.1458643180803998,0.1458643180803998,-0.0015179253336605263,-0.0015179252857100423,True,finite_difference_transient_state_at_fixed_load,3.3584246494910985e-13
A_NATIVE,375.0,0.05,0.07509316036236147,EXPONENTIAL_CRN_1720_ENGINE1,F0_INTRINSIC_OPENING,109.84781321721644,109.84781152157507,0.15317189165135311,0.15317189421954147,-0.001394400918555077,-0.0013944009569488713,True,analytic_barrier_and_renewal_quadrature,0.0
A_NATIVE,400.0,0.05,0.07509316036236147,EXPONENTIAL_CRN_1720_ENGINE1,F0_INTRINSIC_OPENING,111.69293298119186,111.69293099388966,0.14348233340335353,0.14348233550897316,-0.001284614250639427,-0.0012846142722189313,True,analytic_barrier_and_renewal_quadrature,0.0
A_NATIVE,425.0,0.05,0.07509316036236147,EXPONENTIAL_CRN_1720_ENGINE1,F0_INTRINSIC_OPENING,111.74034692887518,111.74034481086447,0.1349748665419463,0.13497486829566974,-0.0012079331257836554,-0.001207933140339179,True,analytic_barrier_and_renewal_quadrature,0.0
A_NATIVE,450.0,0.05,0.07509316036236147,EXPONENTIAL_CRN_1720_ENGINE1,F0_INTRINSIC_OPENING,110.48818507156264,110.4881829364146,0.1274415108302287,0.12744151231077083,-0.001153440168717456,-0.001153440176326903,True,analytic_barrier_and_renewal_quadrature,0.0
A_NATIVE,475.0,0.05,0.07509316036236147,EXPONENTIAL_CRN_1720_ENGINE1,F0_INTRINSIC_OPENING,108.28526924269615,108.28526716093245,0.12072185849519947,0.12072185975045002,-0.0011148502408451293,-0.0011148502488067535,True,analytic_barrier_and_renewal_quadrature,0.0
A_NATIVE,500.0,0.05,0.07509316036236147,EXPONENTIAL_CRN_1720_ENGINE1,F0_INTRINSIC_OPENING,105.38158131434109,105.38157934166792,0.11468969703043544,0.11468969810670693,-0.001088327728622038,-0.00108832773500378,True,analytic_barrier_and_renewal_quadrature,0.0
A_NATIVE,525.0,0.05,0.07509316036236147,EXPONENTIAL_CRN_1720_ENGINE1,F0_INTRINSIC_OPENING,101.95962176144533,101.9596199321704,0.10924411350724639,0.10924411443703264,-0.001071444868271918,-0.0010714448736282023,True,analytic_barrier_and_renewal_quadrature,0.0
A_NATIVE,550.0,0.05,0.07509316036236147,EXPONENTIAL_CRN_1720_ENGINE1,F0_INTRINSIC_OPENING,98.15464139959421,98.15463973499527,0.10430333516210508,0.10430333597188035,-0.0010626429242146494,-0.0010626429289772865,True,analytic_barrier_and_renewal_quadrature,0.0
A_NATIVE,575.0,0.05,0.07509316036236147,EXPONENTIAL_CRN_1720_ENGINE1,F0_INTRINSIC_OPENING,94.06810002782024,94.06809853744979,0.09980033473405481,0.09980033544244815,-0.0010609370732962533,-0.0010609370776526461,True,analytic_barrier_and_renewal_quadrature,0.0
A_NATIVE,600.0,0.05,0.07509316036236147,EXPONENTIAL_CRN_1720_ENGINE1,F0_INTRINSIC_OPENING,89.77684949332166,89.77684818154863,0.09567962035957966,0.09567962098360638,-0.001065749365226913,-0.0010657493694998799,True,analytic_barrier_and_renewal_quadrature,0.0
A_NATIVE,625.0,0.05,0.07509316036236147,EXPONENTIAL_CRN_1720_ENGINE1,F0_INTRINSIC_OPENING,85.33953432140001,85.33953318595299,0.09189484556525666,0.09189484611764609,-0.0010768144716980584,-0.0010768144758865894,True,analytic_barrier_and_renewal_quadrature,0.0
A_NATIVE,650.0,0.05,0.07509316036236147,EXPONENTIAL_CRN_1720_ENGINE1,F0_INTRINSIC_OPENING,80.80113351858682,80.80113255393373,0.08840700137836155,0.08840700186995676,-0.0010941307074364883,-0.0010941307117495747,True,analytic_barrier_and_renewal_quadrature,0.0
A_NATIVE,675.0,0.05,0.07509316036236147,EXPONENTIAL_CRN_1720_ENGINE1,F0_INTRINSIC_OPENING,76.19623138336412,76.19623058084723,0.0851830305572589,0.08518303099671609,-0.0011179428301208195,-0.0011179428347696252,True,analytic_barrier_and_renewal_quadrature,0.0
A_NATIVE,700.0,0.05,0.07509316036236147,EXPONENTIAL_CRN_1720_ENGINE1,F0_INTRINSIC_OPENING,71.55140017120672,71.55139951977584,0.08219475382543867,0.08219475421928468,-0.0011487511583108752,-0.0011487511631957936,True,analytic_barrier_and_renewal_quadrature,0.0
A_NATIVE,725.0,0.05,0.07509316036236147,EXPONENTIAL_CRN_1720_ENGINE1,F0_INTRINSIC_OPENING,66.88694830041058,66.8869477892553,0.07941803110188117,0.07941803145718129,-0.001187347204796809,-0.0011873472109980021,True,analytic_barrier_and_renewal_quadrature,0.0
A_NATIVE,750.0,0.05,0.07509316036236147,EXPONENTIAL_CRN_1720_ENGINE1,F0_INTRINSIC_OPENING,62.21820350915385,62.21820312528603,0.07683210348250023,0.07683210380419858,-0.001234881419731065,-0.0012348814266349706,True,analytic_barrier_and_renewal_quadrature,0.0
A_NATIVE,775.0,0.05,0.07509316036236147,EXPONENTIAL_CRN_1720_ENGINE1,F0_INTRINSIC_OPENING,57.556442639803514,57.55644236967727,0.0744190781365508,0.07441907842847151,-0.0012929756378842953,-0.001292975646389749,True,analytic_barrier_and_renewal_quadrature,0.0
A_NATIVE,800.0,0.05,0.07509316036236147,EXPONENTIAL_CRN_1720_ENGINE1,F0_INTRINSIC_OPENING,52.90953660157144,52.90953643164453,0.0721635313135695,0.07216353157931898,-0.0013639040511163013,-0.0013639040617396958,True,analytic_barrier_and_renewal_quadrature,0.0
A_NATIVE,825.0,0.05,0.07509316036236147,EXPONENTIAL_CRN_1720_ENGINE1,F0_INTRINSIC_OPENING,48.282340303634584,48.28234022032029,0.07005221698828235,0.07005221723116684,-0.0014508869401885429,-0.0014508869538731872,True,analytic_barrier_and_renewal_quadrature,0.0
A_NATIVE,850.0,0.05,0.07509316036236147,EXPONENTIAL_CRN_1720_ENGINE1,F0_INTRINSIC_OPENING,43.67680904166086,43.67680903118121,0.06807388490444213,0.068073885126827,-0.001558581920201869,-0.0015585819384766886,True,analytic_barrier_and_renewal_quadrature,0.0
A_NATIVE,875.0,0.05,0.07509316036236147,EXPONENTIAL_CRN_1720_ENGINE1,F0_INTRINSIC_OPENING,39.09173323424478,39.09173328290771,0.06621924293184195,0.06621924313626959,-0.0016939449201457556,-0.0016939449454600464,True,analytic_barrier_and_renewal_quadrature,0.0
A_NATIVE,900.0,0.05,0.07509316036236147,EXPONENTIAL_CRN_1720_ENGINE1,F0_INTRINSIC_OPENING,34.52176384051227,34.521763934420854,0.06448117538728126,0.06448117557567024,-0.0018678412750049223,-0.0018678413119932458,True,analytic_barrier_and_renewal_quadrature,0.0
A_NATIVE,925.0,0.05,0.07509316036236147,EXPONENTIAL_CRN_1720_ENGINE1,F0_INTRINSIC_OPENING,29.95481185252572,29.954811977159768,0.06285552943238795,0.06285552960631602,-0.0020983449918443777,-0.0020983450498079925,True,analytic_barrier_and_renewal_quadrature,0.0
A_NATIVE,950.0,0.05,0.07509316036236147,EXPONENTIAL_CRN_1720_ENGINE1,F0_INTRINSIC_OPENING,25.365455612024512,25.3654557523042,0.06134324436463477,0.06134324452587325,-0.002418377391003967,-0.0024183774916375356,True,analytic_barrier_and_renewal_quadrature,0.0
A_NATIVE,975.0,0.05,0.07509316036236147,EXPONENTIAL_CRN_1720_ENGINE1,F0_INTRINSIC_OPENING,20.699544952571994,20.699545095426153,0.059955248060298824,0.05995524820961329,-0.0028964524678040887,-0.0028964526674091218,True,analytic_barrier_and_renewal_quadrature,0.0
A_NATIVE,1000.0,0.05,0.07509316036236147,EXPONENTIAL_CRN_1720_ENGINE1,F0_INTRINSIC_OPENING,15.847387804869681,15.847387950624903,0.058720172828098834,0.05872017296763676,-0.0037053534343404497,-0.003705353959684299,True,analytic_barrier_and_renewal_quadrature,0.0
A_NATIVE,1025.0,0.05,0.07509316036236147,EXPONENTIAL_CRN_1720_ENGINE1,F0_INTRINSIC_OPENING,10.648761167095685,10.64876133382242,0.057678417595522745,0.05767841772588156,-0.005416443912156385,-0.005416445841170958,True,analytic_barrier_and_renewal_quadrature,0.0
A_NATIVE,1050.0,0.05,0.07509316036236147,EXPONENTIAL_CRN_1720_ENGINE1,F0_INTRINSIC_OPENING,5.236113223403202,5.236113356197336,0.05676159915784532,0.05676159928137192,-0.010840407137138495,-0.010840418749560321,True,analytic_barrier_and_renewal_quadrature,0.0
A_NATIVE,1075.0,0.05,0.07509316036236147,EXPONENTIAL_CRN_1720_ENGINE1,F0_INTRINSIC_OPENING,1.5441077976074156,1.5441078096123384,0.05532451754000402,0.05532451765631219,-0.035829439904214576,-0.03582943123359217,True,analytic_barrier_and_renewal_quadrature,0.0
A_NATIVE,1100.0,0.05,0.07509316036236147,EXPONENTIAL_CRN_1720_ENGINE1,F0_INTRINSIC_OPENING,1.013754052221664,1.013754052412441,0.052984786930466425,0.052984787035574854,-0.05226591875450374,-0.05226591175716555,True,analytic_barrier_and_renewal_quadrature,0.0
A_NATIVE,1125.0,0.05,0.07509316036236147,EXPONENTIAL_CRN_1720_ENGINE1,F0_INTRINSIC_OPENING,1.000307762345234,1.0003077623488288,0.05063559063841966,0.050635590732732716,-0.05062001170490158,-0.050620011649207264,True,analytic_barrier_and_renewal_quadrature,0.0
A_NATIVE,1150.0,0.05,0.07509316036236147,EXPONENTIAL_CRN_1720_ENGINE1,F0_INTRINSIC_OPENING,1.0000080749654026,1.000008074956149,0.048423798650363246,0.04842379873433167,-0.048423407633021935,-0.04842340771395115,True,analytic_barrier_and_renewal_quadrature,0.0
A_NATIVE,1175.0,0.05,0.07509316036236147,EXPONENTIAL_CRN_1720_ENGINE1,F0_INTRINSIC_OPENING,1.0000002478607015,1.000000247861621,0.04633808431603561,0.04633808439028275,-0.04633807283064837,-0.04633807290481684,True,analytic_barrier_and_renewal_quadrature,0.0
A_NATIVE,1200.0,0.05,0.07509316036236147,EXPONENTIAL_CRN_1720_ENGINE1,F0_INTRINSIC_OPENING,1.0000000088240435,1.000000008826163,0.04436381437820967,0.04436381444297588,-0.04436381398674145,-0.04436381405164447,True,analytic_barrier_and_renewal_quadrature,0.0
P25_TRANSFER_V1_RANK1,300.0,0.0005,0.07509316036236147,EXPONENTIAL_CRN_1720_ENGINE1,F0_INTRINSIC_OPENING,1.0000000015624806,1.0000000015564225,0.17306036186807058,0.17306036559515459,-0.17306036159766713,-0.17306036532474423,True,analytic_barrier_and_renewal_quadrature,0.0
P25_TRANSFER_V1_RANK1,300.0,0.0005,0.07509316036236147,EXPONENTIAL_CRN_1720_ENGINE1,F1_EMISSION_BLUNTING,1.0000000015624806,1.0000000015630839,0.17306036559515459,0.17306036559515459,-0.17306036532475114,-0.17306036532474423,True,finite_difference_transient_state_at_fixed_load,0.0
P25_TRANSFER_V1_RANK1,325.0,0.0005,0.07509316036236147,EXPONENTIAL_CRN_1720_ENGINE1,F0_INTRINSIC_OPENING,1.0000000000030878,0.9999999999998899,0.14464221940860278,0.14464222044160646,-0.14464221940815616,-0.1446422204411668,True,analytic_barrier_and_renewal_quadrature,0.0
P25_TRANSFER_V1_RANK1,325.0,0.0005,0.07509316036236147,EXPONENTIAL_CRN_1720_ENGINE1,F1_EMISSION_BLUNTING,1.0000000000029319,1.0000000000021103,0.14464222044161534,0.14464222044161534,-0.14464222044119127,-0.14464222044162867,True,finite_difference_transient_state_at_fixed_load,0.0
P25_TRANSFER_V1_RANK1,350.0,0.0005,0.07509316036236147,EXPONENTIAL_CRN_1720_ENGINE1,F0_INTRINSIC_OPENING,1.000000000000015,1.0000000000021103,0.1177379392405695,0.11773793734181748,-0.11773793924056772,-0.11773793734182192,True,analytic_barrier_and_renewal_quadrature,0.0
P25_TRANSFER_V1_RANK1,350.0,0.0005,0.07509316036236147,EXPONENTIAL_CRN_1720_ENGINE1,F1_EMISSION_BLUNTING,1.0000000000000135,1.0000000000021103,0.11773793734181748,0.11773793734181748,-0.11773793734181588,-0.11773793734182192,True,finite_difference_transient_state_at_fixed_load,0.0
P25_TRANSFER_V1_RANK1,375.0,0.0005,0.07509316036236147,EXPONENTIAL_CRN_1720_ENGINE1,F0_INTRINSIC_OPENING,0.9999999999999982,0.9999999999998899,0.08804499727405314,0.08804499308006974,-0.0880449972740533,-0.08804499308006086,True,analytic_barrier_and_renewal_quadrature,0.0
P25_TRANSFER_V1_RANK1,375.0,0.0005,0.07509316036236147,EXPONENTIAL_CRN_1720_ENGINE1,F1_EMISSION_BLUNTING,0.9999999999999997,0.9999999999998899,0.0880449930800653,0.0880449930800653,-0.08804499308006533,-0.08804499308006086,True,finite_difference_transient_state_at_fixed_load,6.661338147750939e-16
P25_TRANSFER_V1_RANK1,400.0,0.0005,0.07509316036236147,EXPONENTIAL_CRN_1720_ENGINE1,F0_INTRINSIC_OPENING,0.9999999999990348,1.0000000000021103,0.05265781915246023,0.052657817882559854,-0.052657819152511054,-0.05265781790122048,True,analytic_barrier_and_renewal_quadrature,0.0
P25_TRANSFER_V1_RANK1,400.0,0.0005,0.07509316036236147,EXPONENTIAL_CRN_1720_ENGINE1,F1_EMISSION_BLUNTING,1.0,0.9999999999998899,0.052657817882559854,0.052657817882559854,-0.052657817882559854,-0.05265781788253321,True,finite_difference_transient_state_at_fixed_load,7.771561172376096e-16
P25_TRANSFER_V1_RANK1,425.0,0.0005,0.07509316036236147,EXPONENTIAL_CRN_1720_ENGINE1,F0_INTRINSIC_OPENING,0.9999999999999989,0.9999999999976694,0.017268920537049613,0.017268935297649612,-0.017268920537049634,-0.01726893529763629,True,analytic_barrier_and_renewal_quadrature,0.0
P25_TRANSFER_V1_RANK1,425.0,0.0005,0.07509316036236147,EXPONENTIAL_CRN_1720_ENGINE1,F1_EMISSION_BLUNTING,1.0,0.9999999999998899,0.01726893529764517,0.01726893529764517,-0.01726893529764517,-0.01726893529763629,True,finite_difference_transient_state_at_fixed_load,5.551115123125783e-16
P25_TRANSFER_V1_RANK1,450.0,0.0005,0.07509316036236147,EXPONENTIAL_CRN_1720_ENGINE1,F0_INTRINSIC_OPENING,1.0000000000000289,0.9999999999998899,0.0011519179146791826,0.0011519278995608673,-0.0011519179146791494,-0.0011519278995564264,True,analytic_barrier_and_renewal_quadrature,0.0
P25_TRANSFER_V1_RANK1,450.0,0.0005,0.07509316036236147,EXPONENTIAL_CRN_1720_ENGINE1,F1_EMISSION_BLUNTING,0.9999999999999997,0.9999999999998899,0.0011519278995564264,0.0011519278995564264,-0.0011519278995564268,-0.0011519278995564264,True,finite_difference_transient_state_at_fixed_load,0.0
P25_TRANSFER_V1_RANK1,475.0,0.0005,0.07509316036236147,EXPONENTIAL_CRN_1720_ENGINE1,F0_INTRINSIC_OPENING,1.0000000000000204,0.9999999999998899,3.204782070861915e-06,3.2049085829655155e-06,-3.2047820708618494e-06,-3.2049085874064076e-06,True,analytic_barrier_and_renewal_quadrature,0.0
P25_TRANSFER_V1_RANK1,475.0,0.0005,0.07509316036236147,EXPONENTIAL_CRN_1720_ENGINE1,F1_EMISSION_BLUNTING,1.0000000000000004,0.9999999999998899,3.2049085874064076e-06,3.2049085874064076e-06,-3.2049085874064063e-06,-3.2049085874064076e-06,True,finite_difference_transient_state_at_fixed_load,0.0
P25_TRANSFER_V1_RANK1,500.0,0.0005,0.07509316036236147,EXPONENTIAL_CRN_1720_ENGINE1,F0_INTRINSIC_OPENING,1.0000000000000222,1.0000000000021103,7.601472870262596e-11,7.601919094213372e-11,-7.601472870262427e-11,-7.602807272633072e-11,True,analytic_barrier_and_renewal_quadrature,0.0
P25_TRANSFER_V1_RANK1,500.0,0.0005,0.07509316036236147,EXPONENTIAL_CRN_1720_ENGINE1,F1_EMISSION_BLUNTING,0.9999999999999998,0.9999999999998899,7.603251361842922e-11,7.603251361842922e-11,-7.603251361842923e-11,-7.602807272633072e-11,True,finite_difference_transient_state_at_fixed_load,2.220446049250313e-16
P25_TRANSFER_V1_RANK1,525.0,0.0005,0.07509316036236147,EXPONENTIAL_CRN_1720_ENGINE1,F0_INTRINSIC_OPENING,1.0000000000000213,0.9999999999998899,2.5793528120558393e-18,0.0,-2.5793528120557842e-18,0.0,True,analytic_barrier_and_renewal_quadrature,0.0
P25_TRANSFER_V1_RANK1,525.0,0.0005,0.07509316036236147,EXPONENTIAL_CRN_1720_ENGINE1,F1_EMISSION_BLUNTING,0.9999999999999994,0.9999999999998899,0.0,0.0,-0.0,0.0,True,finite_difference_transient_state_at_fixed_load,0.0
P25_TRANSFER_V1_RANK1,550.0,0.0005,0.07509316036236147,EXPONENTIAL_CRN_1720_ENGINE1,F0_INTRINSIC_OPENING,1.0000000000000213,0.9999999999998899,1.493801189422867e-29,0.0,-1.4938011894228352e-29,0.0,True,analytic_barrier_and_renewal_quadrature,0.0
P25_TRANSFER_V1_RANK1,550.0,0.0005,0.07509316036236147,EXPONENTIAL_CRN_1720_ENGINE1,F1_EMISSION_BLUNTING,0.9999999999999994,0.9999999999998899,0.0,0.0,-0.0,0.0,True,finite_difference_transient_state_at_fixed_load,3.3306690738754696e-16
P25_TRANSFER_V1_RANK1,575.0,0.0005,0.07509316036236147,EXPONENTIAL_CRN_1720_ENGINE1,F0_INTRINSIC_OPENING,1.0000000000000213,0.9999999999998899,1.2774292439075843e-45,0.0,-1.2774292439075571e-45,0.0,True,analytic_barrier_and_renewal_quadrature,0.0
P25_TRANSFER_V1_RANK1,575.0,0.0005,0.07509316036236147,EXPONENTIAL_CRN_1720_ENGINE1,F1_EMISSION_BLUNTING,0.9999999999999991,0.9999999999998899,0.0,0.0,-0.0,0.0,True,finite_difference_transient_state_at_fixed_load,4.440892098500626e-16
P25_TRANSFER_V1_RANK1,600.0,0.0005,0.07509316036236147,EXPONENTIAL_CRN_1720_ENGINE1,F0_INTRINSIC_OPENING,1.0000000000000213,0.9999999999998899,1.0531278186228218e-67,0.0,-1.0531278186227994e-67,0.0,True,analytic_barrier_and_renewal_quadrature,0.0
P25_TRANSFER_V1_RANK1,600.0,0.0005,0.07509316036236147,EXPONENTIAL_CRN_1720_ENGINE1,F1_EMISSION_BLUNTING,0.9999999999999994,0.9999999999998899,0.0,0.0,-0.0,0.0,True,finite_difference_transient_state_at_fixed_load,0.0
P25_TRANSFER_V1_RANK1,625.0,0.0005,0.07509316036236147,EXPONENTIAL_CRN_1720_ENGINE1,F0_INTRINSIC_OPENING,1.0000000000000213,0.9999999999998899,4.336230100078347e-97,0.0,-4.3362301000782546e-97,0.0,True,analytic_barrier_and_renewal_quadrature,0.0
P25_TRANSFER_V1_RANK1,625.0,0.0005,0.07509316036236147,EXPONENTIAL_CRN_1720_ENGINE1,F1_EMISSION_BLUNTING,0.9999999999999994,0.9999999999998899,0.0,0.0,-0.0,0.0,True,finite_difference_transient_state_at_fixed_load,3.3306690738754696e-16
P25_TRANSFER_V1_RANK1,650.0,0.0005,0.07509316036236147,EXPONENTIAL_CRN_1720_ENGINE1,F0_INTRINSIC_OPENING,1.0000000000000213,0.9999999999998899,3.879624383596935e-135,0.0,-3.8796243835968526e-135,0.0,True,analytic_barrier_and_renewal_quadrature,0.0
P25_TRANSFER_V1_RANK1,650.0,0.0005,0.07509316036236147,EXPONENTIAL_CRN_1720_ENGINE1,F1_EMISSION_BLUNTING,0.9999999999999994,0.9999999999998899,0.0,0.0,-0.0,0.0,True,finite_difference_transient_state_at_fixed_load,0.0
P25_TRANSFER_V1_RANK1,675.0,0.0005,0.07509316036236147,EXPONENTIAL_CRN_1720_ENGINE1,F0_INTRINSIC_OPENING,1.0000000000000213,0.9999999999998899,2.924979158475688e-183,0.0,-2.924979158475626e-183,0.0,True,analytic_barrier_and_renewal_quadrature,0.0
P25_TRANSFER_V1_RANK1,675.0,0.0005,0.07509316036236147,EXPONENTIAL_CRN_1720_ENGINE1,F1_EMISSION_BLUNTING,0.9999999999999994,0.9999999999998899,0.0,0.0,-0.0,0.0,True,finite_difference_transient_state_at_fixed_load,3.3306690738754696e-16
P25_TRANSFER_V1_RANK1,700.0,0.0005,0.07509316036236147,EXPONENTIAL_CRN_1720_ENGINE1,F0_INTRINSIC_OPENING,1.0000000000000213,0.9999999999998899,6.816409642521759e-243,0.0,-6.816409642521613e-243,0.0,True,analytic_barrier_and_renewal_quadrature,0.0
P25_TRANSFER_V1_RANK1,700.0,0.0005,0.07509316036236147,EXPONENTIAL_CRN_1720_ENGINE1,F1_EMISSION_BLUNTING,0.9999999999999994,0.9999999999998899,0.0,0.0,-0.0,0.0,True,finite_difference_transient_state_at_fixed_load,0.0
P25_TRANSFER_V1_RANK1,725.0,0.0005,0.07509316036236147,EXPONENTIAL_CRN_1720_ENGINE1,F0_INTRINSIC_OPENING,1.0000000000000213,0.9999999999998899,1.802926386e-315,0.0,-1.802926386e-315,0.0,True,analytic_barrier_and_renewal_quadrature,0.0
P25_TRANSFER_V1_RANK1,725.0,0.0005,0.07509316036236147,EXPONENTIAL_CRN_1720_ENGINE1,F1_EMISSION_BLUNTING,0.9999999999999991,0.9999999999998899,0.0,0.0,-0.0,0.0,True,finite_difference_transient_state_at_fixed_load,4.440892098500626e-16
P25_TRANSFER_V1_RANK1,750.0,0.0005,0.07509316036236147,EXPONENTIAL_CRN_1720_ENGINE1,F0_INTRINSIC_OPENING,1.0000000000000213,0.9999999999998899,0.0,0.0,-0.0,0.0,True,analytic_barrier_and_renewal_quadrature,0.0
P25_TRANSFER_V1_RANK1,750.0,0.0005,0.07509316036236147,EXPONENTIAL_CRN_1720_ENGINE1,F1_EMISSION_BLUNTING,0.9999999999999994,0.9999999999998899,0.0,0.0,-0.0,0.0,True,finite_difference_transient_state_at_fixed_load,0.0
P25_TRANSFER_V1_RANK1,775.0,0.0005,0.07509316036236147,EXPONENTIAL_CRN_1720_ENGINE1,F0_INTRINSIC_OPENING,1.0000000000000213,0.9999999999998899,0.0,0.0,-0.0,0.0,True,analytic_barrier_and_renewal_quadrature,0.0
P25_TRANSFER_V1_RANK1,775.0,0.0005,0.07509316036236147,EXPONENTIAL_CRN_1720_ENGINE1,F1_EMISSION_BLUNTING,0.9999999999999994,0.9999999999998899,0.0,0.0,-0.0,0.0,True,finite_difference_transient_state_at_fixed_load,0.0
P25_TRANSFER_V1_RANK1,800.0,0.0005,0.07509316036236147,EXPONENTIAL_CRN_1720_ENGINE1,F0_INTRINSIC_OPENING,1.0000000000000213,0.9999999999998899,0.0,0.0,-0.0,0.0,True,analytic_barrier_and_renewal_quadrature,0.0
P25_TRANSFER_V1_RANK1,825.0,0.0005,0.07509316036236147,EXPONENTIAL_CRN_1720_ENGINE1,F0_INTRINSIC_OPENING,1.0000000000000213,0.9999999999998899,0.0,0.0,-0.0,0.0,True,analytic_barrier_and_renewal_quadrature,0.0
P25_TRANSFER_V1_RANK1,825.0,0.0005,0.07509316036236147,EXPONENTIAL_CRN_1720_ENGINE1,F1_EMISSION_BLUNTING,0.9999999999999994,0.9999999999998899,0.0,0.0,-0.0,0.0,True,finite_difference_transient_state_at_fixed_load,0.0
P25_TRANSFER_V1_RANK1,850.0,0.0005,0.07509316036236147,EXPONENTIAL_CRN_1720_ENGINE1,F0_INTRINSIC_OPENING,1.0000000000000213,0.9999999999998899,0.0,0.0,-0.0,0.0,True,analytic_barrier_and_renewal_quadrature,0.0
P25_TRANSFER_V1_RANK1,875.0,0.0005,0.07509316036236147,EXPONENTIAL_CRN_1720_ENGINE1,F0_INTRINSIC_OPENING,1.0000000000000213,0.9999999999998899,0.0,0.0,-0.0,0.0,True,analytic_barrier_and_renewal_quadrature,0.0
P25_TRANSFER_V1_RANK1,900.0,0.0005,0.07509316036236147,EXPONENTIAL_CRN_1720_ENGINE1,F0_INTRINSIC_OPENING,1.0000000000000213,0.9999999999998899,0.0,0.0,-0.0,0.0,True,analytic_barrier_and_renewal_quadrature,0.0
P25_TRANSFER_V1_RANK1,900.0,0.0005,0.07509316036236147,EXPONENTIAL_CRN_1720_ENGINE1,F1_EMISSION_BLUNTING,0.9999999999999994,0.9999999999998899,0.0,0.0,-0.0,0.0,True,finite_difference_transient_state_at_fixed_load,0.0
P25_TRANSFER_V1_RANK1,925.0,0.0005,0.07509316036236147,EXPONENTIAL_CRN_1720_ENGINE1,F0_INTRINSIC_OPENING,1.0000000000000213,0.9999999999998899,0.0,0.0,-0.0,0.0,True,analytic_barrier_and_renewal_quadrature,0.0
P25_TRANSFER_V1_RANK1,925.0,0.0005,0.07509316036236147,EXPONENTIAL_CRN_1720_ENGINE1,F1_EMISSION_BLUNTING,0.9999999999999991,0.9999999999998899,0.0,0.0,-0.0,0.0,True,finite_difference_transient_state_at_fixed_load,4.440892098500626e-16
P25_TRANSFER_V1_RANK1,950.0,0.0005,0.07509316036236147,EXPONENTIAL_CRN_1720_ENGINE1,F0_INTRINSIC_OPENING,1.0000000000000213,0.9999999999998899,0.0,0.0,-0.0,0.0,True,analytic_barrier_and_renewal_quadrature,0.0
P25_TRANSFER_V1_RANK1,975.0,0.0005,0.07509316036236147,EXPONENTIAL_CRN_1720_ENGINE1,F0_INTRINSIC_OPENING,1.0000000000000213,0.9999999999998899,0.0,0.0,-0.0,0.0,True,analytic_barrier_and_renewal_quadrature,0.0
P25_TRANSFER_V1_RANK1,1000.0,0.0005,0.07509316036236147,EXPONENTIAL_CRN_1720_ENGINE1,F0_INTRINSIC_OPENING,1.0000000000000213,0.9999999999998899,0.0,0.0,-0.0,0.0,True,analytic_barrier_and_renewal_quadrature,0.0
P25_TRANSFER_V1_RANK1,1025.0,0.0005,0.07509316036236147,EXPONENTIAL_CRN_1720_ENGINE1,F0_INTRINSIC_OPENING,1.0000000000000213,0.9999999999998899,0.0,0.0,-0.0,0.0,True,analytic_barrier_and_renewal_quadrature,0.0
P25_TRANSFER_V1_RANK1,1025.0,0.0005,0.07509316036236147,EXPONENTIAL_CRN_1720_ENGINE1,F1_EMISSION_BLUNTING,0.9999999999999994,1.0000000000021103,0.0,0.0,-0.0,0.0,True,finite_difference_transient_state_at_fixed_load,3.3306690738754696e-16
P25_TRANSFER_V1_RANK1,1050.0,0.0005,0.07509316036236147,EXPONENTIAL_CRN_1720_ENGINE1,F0_INTRINSIC_OPENING,1.0000000000000213,0.9999999999998899,0.0,0.0,-0.0,0.0,True,analytic_barrier_and_renewal_quadrature,0.0
P25_TRANSFER_V1_RANK1,1075.0,0.0005,0.07509316036236147,EXPONENTIAL_CRN_1720_ENGINE1,F0_INTRINSIC_OPENING,1.0000000000000213,0.9999999999998899,0.0,0.0,-0.0,0.0,True,analytic_barrier_and_renewal_quadrature,0.0
P25_TRANSFER_V1_RANK1,1100.0,0.0005,0.07509316036236147,EXPONENTIAL_CRN_1720_ENGINE1,F0_INTRINSIC_OPENING,1.0000000000000213,0.9999999999998899,0.0,0.0,-0.0,0.0,True,analytic_barrier_and_renewal_quadrature,0.0
P25_TRANSFER_V1_RANK1,1125.0,0.0005,0.07509316036236147,EXPONENTIAL_CRN_1720_ENGINE1,F0_INTRINSIC_OPENING,1.0000000000000213,0.9999999999998899,0.0,0.0,-0.0,0.0,True,analytic_barrier_and_renewal_quadrature,0.0
P25_TRANSFER_V1_RANK1,1150.0,0.0005,0.07509316036236147,EXPONENTIAL_CRN_1720_ENGINE1,F0_INTRINSIC_OPENING,1.0000000000000213,0.9999999999998899,0.0,0.0,-0.0,0.0,True,analytic_barrier_and_renewal_quadrature,0.0
P25_TRANSFER_V1_RANK1,1150.0,0.0005,0.07509316036236147,EXPONENTIAL_CRN_1720_ENGINE1,F1_EMISSION_BLUNTING,0.9999999999999994,0.9999999999998899,0.0,0.0,-0.0,0.0,True,finite_difference_transient_state_at_fixed_load,0.0
P25_TRANSFER_V1_RANK1,1175.0,0.0005,0.07509316036236147,EXPONENTIAL_CRN_1720_ENGINE1,F0_INTRINSIC_OPENING,1.0000000000000213,0.9999999999998899,0.0,0.0,-0.0,0.0,True,analytic_barrier_and_renewal_quadrature,0.0
P25_TRANSFER_V1_RANK1,1200.0,0.0005,0.07509316036236147,EXPONENTIAL_CRN_1720_ENGINE1,F0_INTRINSIC_OPENING,1.0000000000000213,0.9999999999998899,0.0,0.0,-0.0,0.0,True,analytic_barrier_and_renewal_quadrature,0.0
P25_TRANSFER_V1_RANK1,300.0,0.005,0.07509316036236147,EXPONENTIAL_CRN_1720_ENGINE1,F0_INTRINSIC_OPENING,1.0000000548589465,1.00000005485823,0.17306036173949282,0.173060365466573,-0.17306035224558422,-0.17306035597236757,True,analytic_barrier_and_renewal_quadrature,0.0
P25_TRANSFER_V1_RANK1,300.0,0.005,0.07509316036236147,EXPONENTIAL_CRN_1720_ENGINE1,F1_EMISSION_BLUNTING,1.0000000548589472,1.00000005485823,0.17306036546659076,0.17306036546659076,-0.17306035597268182,-0.17306035597236757,True,finite_difference_transient_state_at_fixed_load,1.1102230246251565e-16
P25_TRANSFER_V1_RANK1,325.0,0.005,0.07509316036236147,EXPONENTIAL_CRN_1720_ENGINE1,F0_INTRINSIC_OPENING,1.0000000001085763,1.0000000001042508,0.14464221940830396,0.14464222044130892,-0.14464221939259925,-0.1446422204256237,True,analytic_barrier_and_renewal_quadrature,0.0
P25_TRANSFER_V1_RANK1,325.0,0.005,0.07509316036236147,EXPONENTIAL_CRN_1720_ENGINE1,F1_EMISSION_BLUNTING,1.0000000001085771,1.0000000001086917,0.14464222044131336,0.14464222044131336,-0.14464222042560854,-0.1446422204256237,True,finite_difference_transient_state_at_fixed_load,4.440892098500626e-16
P25_TRANSFER_V1_RANK1,350.0,0.005,0.07509316036236147,EXPONENTIAL_CRN_1720_ENGINE1,F0_INTRINSIC_OPENING,1.0000000000006004,0.9999999999998899,0.11773793924056702,0.1177379373418308,-0.11773793924049633,-0.11773793734175086,True,analytic_barrier_and_renewal_quadrature,0.0
P25_TRANSFER_V1_RANK1,350.0,0.005,0.07509316036236147,EXPONENTIAL_CRN_1720_ENGINE1,F1_EMISSION_BLUNTING,1.0000000000005702,0.9999999999998899,0.11773793734182636,0.11773793734182636,-0.11773793734175922,-0.11773793734182192,True,finite_difference_transient_state_at_fixed_load,1.1102230246251565e-16
P25_TRANSFER_V1_RANK1,375.0,0.005,0.07509316036236147,EXPONENTIAL_CRN_1720_ENGINE1,F0_INTRINSIC_OPENING,1.0000000000000047,0.9999999999998899,0.08804499727405304,0.08804499308007419,-0.08804499727405263,-0.08804499308006086,True,analytic_barrier_and_renewal_quadrature,0.0
P25_TRANSFER_V1_RANK1,375.0,0.005,0.07509316036236147,EXPONENTIAL_CRN_1720_ENGINE1,F1_EMISSION_BLUNTING,1.0000000000000069,0.9999999999998899,0.08804499308006974,0.08804499308006974,-0.08804499308006913,-0.08804499308006086,True,finite_difference_transient_state_at_fixed_load,4.440892098500626e-16
P25_TRANSFER_V1_RANK1,400.0,0.005,0.07509316036236147,EXPONENTIAL_CRN_1720_ENGINE1,F0_INTRINSIC_OPENING,0.9999999999990358,0.9999999999998899,0.05265781915246028,0.052657817882559854,-0.052657819152511054,-0.052657817900083614,True,analytic_barrier_and_renewal_quadrature,0.0
P25_TRANSFER_V1_RANK1,400.0,0.005,0.07509316036236147,EXPONENTIAL_CRN_1720_ENGINE1,F1_EMISSION_BLUNTING,0.9999999999999996,1.0000000000021103,0.052657817882559854,0.052657817882559854,-0.052657817882559875,-0.052657817882568736,True,finite_difference_transient_state_at_fixed_load,6.661338147750939e-16
P25_TRANSFER_V1_RANK1,425.0,0.005,0.07509316036236147,EXPONENTIAL_CRN_1720_ENGINE1,F0_INTRINSIC_OPENING,1.0000000000000002,0.9999999999998899,0.01726892053704963,0.017268935297649612,-0.017268920537049627,-0.017268935297671817,True,analytic_barrier_and_renewal_quadrature,0.0
P25_TRANSFER_V1_RANK1,425.0,0.005,0.07509316036236147,EXPONENTIAL_CRN_1720_ENGINE1,F1_EMISSION_BLUNTING,0.9999999999999992,0.9999999999998899,0.01726893529764073,0.01726893529764073,-0.017268935297640745,-0.017268935297671817,True,finite_difference_transient_state_at_fixed_load,0.0
P25_TRANSFER_V1_RANK1,450.0,0.005,0.07509316036236147,EXPONENTIAL_CRN_1720_ENGINE1,F0_INTRINSIC_OPENING,1.00000000000003,0.9999999999998899,0.0011519179146791839,0.0011519278995608673,-0.0011519179146791494,-0.0011519278995919535,True,analytic_barrier_and_renewal_quadrature,0.0
P25_TRANSFER_V1_RANK1,450.0,0.005,0.07509316036236147,EXPONENTIAL_CRN_1720_ENGINE1,F1_EMISSION_BLUNTING,1.0000000000000004,0.9999999999998899,0.0011519278995564264,0.0011519278995564264,-0.001151927899556426,-0.0011519278995564264,True,finite_difference_transient_state_at_fixed_load,0.0
P25_TRANSFER_V1_RANK1,475.0,0.005,0.07509316036236147,EXPONENTIAL_CRN_1720_ENGINE1,F0_INTRINSIC_OPENING,1.0000000000000215,1.0000000000021103,3.2047820708619185e-06,3.2049085829655155e-06,-3.2047820708618494e-06,-3.2049085874064076e-06,True,analytic_barrier_and_renewal_quadrature,0.0
P25_TRANSFER_V1_RANK1,475.0,0.005,0.07509316036236147,EXPONENTIAL_CRN_1720_ENGINE1,F1_EMISSION_BLUNTING,0.9999999999999996,0.9999999999998899,3.2049085829655155e-06,3.2049085829655155e-06,-3.2049085829655168e-06,-3.2049085874064076e-06,True,finite_difference_transient_state_at_fixed_load,0.0
P25_TRANSFER_V1_RANK1,500.0,0.005,0.07509316036236147,EXPONENTIAL_CRN_1720_ENGINE1,F0_INTRINSIC_OPENING,1.0000000000000198,0.9999999999976694,7.601472870262575e-11,7.602363183423222e-11,-7.601472870262425e-11,-7.602807272633072e-11,True,analytic_barrier_and_renewal_quadrature,0.0
P25_TRANSFER_V1_RANK1,500.0,0.005,0.07509316036236147,EXPONENTIAL_CRN_1720_ENGINE1,F1_EMISSION_BLUNTING,1.0,1.0000000000021103,7.601475005003522e-11,7.601475005003522e-11,-7.601475005003522e-11,-7.602807272633072e-11,True,finite_difference_transient_state_at_fixed_load,0.0
P25_TRANSFER_V1_RANK1,525.0,0.005,0.07509316036236147,EXPONENTIAL_CRN_1720_ENGINE1,F0_INTRINSIC_OPENING,1.0000000000000224,0.9999999999998899,2.579352812055842e-18,0.0,-2.5793528120557842e-18,0.0,True,analytic_barrier_and_renewal_quadrature,0.0
P25_TRANSFER_V1_RANK1,525.0,0.005,0.07509316036236147,EXPONENTIAL_CRN_1720_ENGINE1,F1_EMISSION_BLUNTING,1.0000000000000002,0.9999999999998899,0.0,0.0,-0.0,0.0,True,finite_difference_transient_state_at_fixed_load,0.0
P25_TRANSFER_V1_RANK1,550.0,0.005,0.07509316036236147,EXPONENTIAL_CRN_1720_ENGINE1,F0_INTRINSIC_OPENING,1.0000000000000224,0.9999999999998899,1.4938011894228685e-29,0.0,-1.493801189422835e-29,0.0,True,analytic_barrier_and_renewal_quadrature,0.0
P25_TRANSFER_V1_RANK1,550.0,0.005,0.07509316036236147,EXPONENTIAL_CRN_1720_ENGINE1,F1_EMISSION_BLUNTING,1.0000000000000002,0.9999999999998899,0.0,0.0,-0.0,0.0,True,finite_difference_transient_state_at_fixed_load,2.220446049250313e-16
P25_TRANSFER_V1_RANK1,575.0,0.005,0.07509316036236147,EXPONENTIAL_CRN_1720_ENGINE1,F0_INTRINSIC_OPENING,1.0000000000000224,0.9999999999998899,1.2774292439075857e-45,0.0,-1.2774292439075571e-45,0.0,True,analytic_barrier_and_renewal_quadrature,0.0
P25_TRANSFER_V1_RANK1,575.0,0.005,0.07509316036236147,EXPONENTIAL_CRN_1720_ENGINE1,F1_EMISSION_BLUNTING,1.0,0.9999999999998899,0.0,0.0,-0.0,0.0,True,finite_difference_transient_state_at_fixed_load,2.220446049250313e-16
P25_TRANSFER_V1_RANK1,600.0,0.005,0.07509316036236147,EXPONENTIAL_CRN_1720_ENGINE1,F0_INTRINSIC_OPENING,1.0000000000000224,0.9999999999998899,1.0531278186228229e-67,0.0,-1.0531278186227994e-67,0.0,True,analytic_barrier_and_renewal_quadrature,0.0
P25_TRANSFER_V1_RANK1,600.0,0.005,0.07509316036236147,EXPONENTIAL_CRN_1720_ENGINE1,F1_EMISSION_BLUNTING,1.0000000000000002,0.9999999999998899,0.0,0.0,-0.0,0.0,True,finite_difference_transient_state_at_fixed_load,0.0
P25_TRANSFER_V1_RANK1,625.0,0.005,0.07509316036236147,EXPONENTIAL_CRN_1720_ENGINE1,F0_INTRINSIC_OPENING,1.0000000000000224,0.9999999999998899,4.336230100078352e-97,0.0,-4.3362301000782546e-97,0.0,True,analytic_barrier_and_renewal_quadrature,0.0
P25_TRANSFER_V1_RANK1,625.0,0.005,0.07509316036236147,EXPONENTIAL_CRN_1720_ENGINE1,F1_EMISSION_BLUNTING,1.0,0.9999999999998899,0.0,0.0,-0.0,0.0,True,finite_difference_transient_state_at_fixed_load,0.0
P25_TRANSFER_V1_RANK1,650.0,0.005,0.07509316036236147,EXPONENTIAL_CRN_1720_ENGINE1,F0_INTRINSIC_OPENING,1.0000000000000224,0.9999999999998899,3.879624383596939e-135,0.0,-3.879624383596852e-135,0.0,True,analytic_barrier_and_renewal_quadrature,0.0
P25_TRANSFER_V1_RANK1,650.0,0.005,0.07509316036236147,EXPONENTIAL_CRN_1720_ENGINE1,F1_EMISSION_BLUNTING,1.0,0.9999999999998899,0.0,0.0,-0.0,0.0,True,finite_difference_transient_state_at_fixed_load,0.0
P25_TRANSFER_V1_RANK1,675.0,0.005,0.07509316036236147,EXPONENTIAL_CRN_1720_ENGINE1,F0_INTRINSIC_OPENING,1.0000000000000224,0.9999999999998899,2.924979158475691e-183,0.0,-2.9249791584756255e-183,0.0,True,analytic_barrier_and_renewal_quadrature,0.0
P25_TRANSFER_V1_RANK1,675.0,0.005,0.07509316036236147,EXPONENTIAL_CRN_1720_ENGINE1,F1_EMISSION_BLUNTING,1.0000000000000002,0.9999999999998899,0.0,0.0,-0.0,0.0,True,finite_difference_transient_state_at_fixed_load,2.220446049250313e-16
P25_TRANSFER_V1_RANK1,700.0,0.005,0.07509316036236147,EXPONENTIAL_CRN_1720_ENGINE1,F0_INTRINSIC_OPENING,1.0000000000000224,0.9999999999998899,6.816409642521766e-243,0.0,-6.816409642521613e-243,0.0,True,analytic_barrier_and_renewal_quadrature,0.0
P25_TRANSFER_V1_RANK1,700.0,0.005,0.07509316036236147,EXPONENTIAL_CRN_1720_ENGINE1,F1_EMISSION_BLUNTING,1.0,0.9999999999998899,0.0,0.0,-0.0,0.0,True,finite_difference_transient_state_at_fixed_load,2.220446049250313e-16
P25_TRANSFER_V1_RANK1,725.0,0.005,0.07509316036236147,EXPONENTIAL_CRN_1720_ENGINE1,F0_INTRINSIC_OPENING,1.0000000000000224,0.9999999999998899,1.802926386e-315,0.0,-1.802926386e-315,0.0,True,analytic_barrier_and_renewal_quadrature,0.0
P25_TRANSFER_V1_RANK1,725.0,0.005,0.07509316036236147,EXPONENTIAL_CRN_1720_ENGINE1,F1_EMISSION_BLUNTING,1.0,0.9999999999998899,0.0,0.0,-0.0,0.0,True,finite_difference_transient_state_at_fixed_load,2.220446049250313e-16
P25_TRANSFER_V1_RANK1,750.0,0.005,0.07509316036236147,EXPONENTIAL_CRN_1720_ENGINE1,F0_INTRINSIC_OPENING,1.0000000000000224,0.9999999999998899,0.0,0.0,-0.0,0.0,True,analytic_barrier_and_renewal_quadrature,0.0
P25_TRANSFER_V1_RANK1,750.0,0.005,0.07509316036236147,EXPONENTIAL_CRN_1720_ENGINE1,F1_EMISSION_BLUNTING,1.0000000000000002,0.9999999999998899,0.0,0.0,-0.0,0.0,True,finite_difference_transient_state_at_fixed_load,0.0
P25_TRANSFER_V1_RANK1,775.0,0.005,0.07509316036236147,EXPONENTIAL_CRN_1720_ENGINE1,F0_INTRINSIC_OPENING,1.0000000000000224,0.9999999999998899,0.0,0.0,-0.0,0.0,True,analytic_barrier_and_renewal_quadrature,0.0
P25_TRANSFER_V1_RANK1,775.0,0.005,0.07509316036236147,EXPONENTIAL_CRN_1720_ENGINE1,F1_EMISSION_BLUNTING,1.0,0.9999999999998899,0.0,0.0,-0.0,0.0,True,finite_difference_transient_state_at_fixed_load,2.220446049250313e-16
P25_TRANSFER_V1_RANK1,800.0,0.005,0.07509316036236147,EXPONENTIAL_CRN_1720_ENGINE1,F0_INTRINSIC_OPENING,1.0000000000000224,0.9999999999998899,0.0,0.0,-0.0,0.0,True,analytic_barrier_and_renewal_quadrature,0.0
P25_TRANSFER_V1_RANK1,800.0,0.005,0.07509316036236147,EXPONENTIAL_CRN_1720_ENGINE1,F1_EMISSION_BLUNTING,1.0000000000000002,0.9999999999998899,0.0,0.0,-0.0,0.0,True,finite_difference_transient_state_at_fixed_load,0.0
P25_TRANSFER_V1_RANK1,825.0,0.005,0.07509316036236147,EXPONENTIAL_CRN_1720_ENGINE1,F0_INTRINSIC_OPENING,1.0000000000000224,0.9999999999998899,0.0,0.0,-0.0,0.0,True,analytic_barrier_and_renewal_quadrature,0.0
P25_TRANSFER_V1_RANK1,850.0,0.005,0.07509316036236147,EXPONENTIAL_CRN_1720_ENGINE1,F0_INTRINSIC_OPENING,1.0000000000000224,0.9999999999998899,0.0,0.0,-0.0,0.0,True,analytic_barrier_and_renewal_quadrature,0.0
P25_TRANSFER_V1_RANK1,850.0,0.005,0.07509316036236147,EXPONENTIAL_CRN_1720_ENGINE1,F1_EMISSION_BLUNTING,1.0000000000000002,0.9999999999998899,-4.440892098500626e-15,-4.440892098500626e-15,4.440892098500625e-15,0.0,True,finite_difference_transient_state_at_fixed_load,0.0
P25_TRANSFER_V1_RANK1,875.0,0.005,0.07509316036236147,EXPONENTIAL_CRN_1720_ENGINE1,F0_INTRINSIC_OPENING,1.0000000000000224,0.9999999999998899,0.0,0.0,-0.0,0.0,True,analytic_barrier_and_renewal_quadrature,0.0
P25_TRANSFER_V1_RANK1,900.0,0.005,0.07509316036236147,EXPONENTIAL_CRN_1720_ENGINE1,F0_INTRINSIC_OPENING,1.0000000000000224,0.9999999999998899,0.0,0.0,-0.0,0.0,True,analytic_barrier_and_renewal_quadrature,0.0
P25_TRANSFER_V1_RANK1,900.0,0.005,0.07509316036236147,EXPONENTIAL_CRN_1720_ENGINE1,F1_EMISSION_BLUNTING,1.0000000000000002,0.9999999999998899,0.0,0.0,-0.0,0.0,True,finite_difference_transient_state_at_fixed_load,0.0
P25_TRANSFER_V1_RANK1,925.0,0.005,0.07509316036236147,EXPONENTIAL_CRN_1720_ENGINE1,F0_INTRINSIC_OPENING,1.0000000000000224,0.9999999999998899,0.0,0.0,-0.0,0.0,True,analytic_barrier_and_renewal_quadrature,0.0
P25_TRANSFER_V1_RANK1,950.0,0.005,0.07509316036236147,EXPONENTIAL_CRN_1720_ENGINE1,F0_INTRINSIC_OPENING,1.0000000000000224,0.9999999999998899,0.0,0.0,-0.0,0.0,True,analytic_barrier_and_renewal_quadrature,0.0
P25_TRANSFER_V1_RANK1,975.0,0.005,0.07509316036236147,EXPONENTIAL_CRN_1720_ENGINE1,F0_INTRINSIC_OPENING,1.0000000000000224,0.9999999999998899,0.0,0.0,-0.0,0.0,True,analytic_barrier_and_renewal_quadrature,0.0
P25_TRANSFER_V1_RANK1,975.0,0.005,0.07509316036236147,EXPONENTIAL_CRN_1720_ENGINE1,F1_EMISSION_BLUNTING,1.0000000000000002,0.9999999999998899,0.0,0.0,-0.0,0.0,True,finite_difference_transient_state_at_fixed_load,0.0
P25_TRANSFER_V1_RANK1,1000.0,0.005,0.07509316036236147,EXPONENTIAL_CRN_1720_ENGINE1,F0_INTRINSIC_OPENING,1.0000000000000224,0.9999999999998899,0.0,0.0,-0.0,0.0,True,analytic_barrier_and_renewal_quadrature,0.0
P25_TRANSFER_V1_RANK1,1025.0,0.005,0.07509316036236147,EXPONENTIAL_CRN_1720_ENGINE1,F0_INTRINSIC_OPENING,1.0000000000000224,0.9999999999998899,0.0,0.0,-0.0,0.0,True,analytic_barrier_and_renewal_quadrature,0.0
P25_TRANSFER_V1_RANK1,1025.0,0.005,0.07509316036236147,EXPONENTIAL_CRN_1720_ENGINE1,F1_EMISSION_BLUNTING,1.0000000000000002,0.9999999999998899,0.0,0.0,-0.0,0.0,True,finite_difference_transient_state_at_fixed_load,2.220446049250313e-16
P25_TRANSFER_V1_RANK1,1050.0,0.005,0.07509316036236147,EXPONENTIAL_CRN_1720_ENGINE1,F0_INTRINSIC_OPENING,1.0000000000000224,0.9999999999998899,0.0,0.0,-0.0,0.0,True,analytic_barrier_and_renewal_quadrature,0.0
P25_TRANSFER_V1_RANK1,1075.0,0.005,0.07509316036236147,EXPONENTIAL_CRN_1720_ENGINE1,F0_INTRINSIC_OPENING,1.0000000000000224,0.9999999999998899,0.0,0.0,-0.0,0.0,True,analytic_barrier_and_renewal_quadrature,0.0
P25_TRANSFER_V1_RANK1,1100.0,0.005,0.07509316036236147,EXPONENTIAL_CRN_1720_ENGINE1,F0_INTRINSIC_OPENING,1.0000000000000224,0.9999999999998899,0.0,0.0,-0.0,0.0,True,analytic_barrier_and_renewal_quadrature,0.0
P25_TRANSFER_V1_RANK1,1125.0,0.005,0.07509316036236147,EXPONENTIAL_CRN_1720_ENGINE1,F0_INTRINSIC_OPENING,1.0000000000000224,0.9999999999998899,0.0,0.0,-0.0,0.0,True,analytic_barrier_and_renewal_quadrature,0.0
P25_TRANSFER_V1_RANK1,1150.0,0.005,0.07509316036236147,EXPONENTIAL_CRN_1720_ENGINE1,F0_INTRINSIC_OPENING,1.0000000000000224,0.9999999999998899,0.0,0.0,-0.0,0.0,True,analytic_barrier_and_renewal_quadrature,0.0
P25_TRANSFER_V1_RANK1,1175.0,0.005,0.07509316036236147,EXPONENTIAL_CRN_1720_ENGINE1,F0_INTRINSIC_OPENING,1.0000000000000224,0.9999999999998899,0.0,0.0,-0.0,0.0,True,analytic_barrier_and_renewal_quadrature,0.0
P25_TRANSFER_V1_RANK1,1200.0,0.005,0.07509316036236147,EXPONENTIAL_CRN_1720_ENGINE1,F0_INTRINSIC_OPENING,1.0000000000000224,0.9999999999998899,0.0,0.0,-0.0,0.0,True,analytic_barrier_and_renewal_quadrature,0.0
P25_TRANSFER_V1_RANK1,300.0,0.05,0.07509316036236147,EXPONENTIAL_CRN_1720_ENGINE1,F0_INTRINSIC_OPENING,1.000001926095841,1.000001926094729,0.1730603572251257,0.17306036095221522,-0.1730600238949334,-0.17306002761087846,True,analytic_barrier_and_renewal_quadrature,0.0
P25_TRANSFER_V1_RANK1,300.0,0.05,0.07509316036236147,EXPONENTIAL_CRN_1720_ENGINE1,F1_EMISSION_BLUNTING,1.000001926095834,1.0000019260969495,0.1730603609522241,0.1730603609522241,-0.17306002762202588,-0.17306002761094952,True,finite_difference_transient_state_at_fixed_load,0.0
P25_TRANSFER_V1_RANK1,325.0,0.05,0.07509316036236147,EXPONENTIAL_CRN_1720_ENGINE1,F0_INTRINSIC_OPENING,1.0000000038120604,1.0000000038079548,0.14464221939781355,0.14464222043082398,-0.14464221884642867,-0.14464221987944725,True,analytic_barrier_and_renewal_quadrature,0.0
P25_TRANSFER_V1_RANK1,325.0,0.05,0.07509316036236147,EXPONENTIAL_CRN_1720_ENGINE1,F1_EMISSION_BLUNTING,1.0000000038120616,1.0000000038101753,0.14464222043083286,0.14464222043083286,-0.1446422198794478,-0.1446422198794295,True,finite_difference_transient_state_at_fixed_load,4.440892098500626e-16
P25_TRANSFER_V1_RANK1,350.0,0.05,0.07509316036236147,EXPONENTIAL_CRN_1720_ENGINE1,F0_INTRINSIC_OPENING,1.0000000000209857,1.0000000000176534,0.11773793924048108,0.11773793734174198,-0.11773793923801028,-0.11773793733926396,True,analytic_barrier_and_renewal_quadrature,0.0
P25_TRANSFER_V1_RANK1,350.0,0.05,0.07509316036236147,EXPONENTIAL_CRN_1720_ENGINE1,F1_EMISSION_BLUNTING,1.0000000000209848,1.0000000000198739,0.11773793734174642,0.11773793734174642,-0.11773793733927572,-0.11773793734032978,True,finite_difference_transient_state_at_fixed_load,0.0
P25_TRANSFER_V1_RANK1,375.0,0.05,0.07509316036236147,EXPONENTIAL_CRN_1720_ENGINE1,F0_INTRINSIC_OPENING,1.0000000000003106,1.0000000000021103,0.08804499727405093,0.08804499308009195,-0.08804499727402358,-0.08804499308006086,True,analytic_barrier_and_renewal_quadrature,0.0
P25_TRANSFER_V1_RANK1,375.0,0.05,0.07509316036236147,EXPONENTIAL_CRN_1720_ENGINE1,F1_EMISSION_BLUNTING,1.0000000000002953,1.0000000000021103,0.08804499308009195,0.08804499308009195,-0.08804499308006594,-0.08804499308009639,True,finite_difference_transient_state_at_fixed_load,0.0
P25_TRANSFER_V1_RANK1,400.0,0.05,0.07509316036236147,EXPONENTIAL_CRN_1720_ENGINE1,F0_INTRINSIC_OPENING,1.0000000000009681,0.9999999999998899,0.05265781915256119,0.052657817882559854,-0.05265781915251021,-0.052657817898946746,True,analytic_barrier_and_renewal_quadrature,0.0
P25_TRANSFER_V1_RANK1,400.0,0.05,0.07509316036236147,EXPONENTIAL_CRN_1720_ENGINE1,F1_EMISSION_BLUNTING,1.0000000000000115,0.9999999999998899,0.052657817882564295,0.052657817882564295,-0.052657817882563684,-0.05265781788253321,True,finite_difference_transient_state_at_fixed_load,0.0
P25_TRANSFER_V1_RANK1,425.0,0.05,0.07509316036236147,EXPONENTIAL_CRN_1720_ENGINE1,F0_INTRINSIC_OPENING,0.9999999999999998,1.0000000000021103,0.017268920537049554,0.01726893529764517,-0.017268920537049558,-0.01726893529763629,True,analytic_barrier_and_renewal_quadrature,0.0
P25_TRANSFER_V1_RANK1,425.0,0.05,0.07509316036236147,EXPONENTIAL_CRN_1720_ENGINE1,F1_EMISSION_BLUNTING,1.0000000000000016,1.0000000000021103,0.017268935297649612,0.017268935297649612,-0.017268935297649585,-0.01726893529763629,True,finite_difference_transient_state_at_fixed_load,8.881784197001252e-16
P25_TRANSFER_V1_RANK1,450.0,0.05,0.07509316036236147,EXPONENTIAL_CRN_1720_ENGINE1,F0_INTRINSIC_OPENING,1.000000000000031,0.9999999999998899,0.0011519179146791771,0.0011519278995608673,-0.0011519179146791414,-0.0011519278995564264,True,analytic_barrier_and_renewal_quadrature,0.0
P25_TRANSFER_V1_RANK1,450.0,0.05,0.07509316036236147,EXPONENTIAL_CRN_1720_ENGINE1,F1_EMISSION_BLUNTING,1.0000000000000009,0.9999999999998899,0.00115192789957419,0.00115192789957419,-0.0011519278995741889,-0.0011519278995564264,True,finite_difference_transient_state_at_fixed_load,0.0
P25_TRANSFER_V1_RANK1,475.0,0.05,0.07509316036236147,EXPONENTIAL_CRN_1720_ENGINE1,F0_INTRINSIC_OPENING,1.0000000000000226,1.0000000000021103,3.2047820708618774e-06,3.2049085829655155e-06,-3.204782070861805e-06,-3.204908551879271e-06,True,analytic_barrier_and_renewal_quadrature,0.0
P25_TRANSFER_V1_RANK1,475.0,0.05,0.07509316036236147,EXPONENTIAL_CRN_1720_ENGINE1,F1_EMISSION_BLUNTING,1.0000000000000002,0.9999999999998899,3.2049085740837313e-06,3.2049085740837313e-06,-3.2049085740837305e-06,-3.204908551879271e-06,True,finite_difference_transient_state_at_fixed_load,0.0
P25_TRANSFER_V1_RANK1,500.0,0.05,0.07509316036236147,EXPONENTIAL_CRN_1720_ENGINE1,F0_INTRINSIC_OPENING,1.000000000000021,1.0000000000021103,7.601472870262372e-11,7.602807272633072e-11,-7.601472870262212e-11,-7.602807272633072e-11,True,analytic_barrier_and_renewal_quadrature,0.0
P25_TRANSFER_V1_RANK1,500.0,0.05,0.07509316036236147,EXPONENTIAL_CRN_1720_ENGINE1,F1_EMISSION_BLUNTING,0.9999999999999992,0.9999999999976694,7.603251361842922e-11,7.603251361842922e-11,-7.603251361842929e-11,-7.602807272633072e-11,True,finite_difference_transient_state_at_fixed_load,0.0
P25_TRANSFER_V1_RANK1,525.0,0.05,0.07509316036236147,EXPONENTIAL_CRN_1720_ENGINE1,F0_INTRINSIC_OPENING,1.00000000000002,0.9999999999998899,2.579352812055727e-18,0.0,-2.5793528120556752e-18,0.0,True,analytic_barrier_and_renewal_quadrature,0.0
P25_TRANSFER_V1_RANK1,525.0,0.05,0.07509316036236147,EXPONENTIAL_CRN_1720_ENGINE1,F1_EMISSION_BLUNTING,1.0000000000000002,0.9999999999998899,0.0,0.0,-0.0,0.0,True,finite_difference_transient_state_at_fixed_load,0.0
P25_TRANSFER_V1_RANK1,550.0,0.05,0.07509316036236147,EXPONENTIAL_CRN_1720_ENGINE1,F0_INTRINSIC_OPENING,1.00000000000002,0.9999999999998899,1.4938011894227553e-29,0.0,-1.4938011894227253e-29,0.0,True,analytic_barrier_and_renewal_quadrature,0.0
P25_TRANSFER_V1_RANK1,550.0,0.05,0.07509316036236147,EXPONENTIAL_CRN_1720_ENGINE1,F1_EMISSION_BLUNTING,0.9999999999999999,0.9999999999998899,0.0,0.0,-0.0,0.0,True,finite_difference_transient_state_at_fixed_load,2.220446049250313e-16
P25_TRANSFER_V1_RANK1,575.0,0.05,0.07509316036236147,EXPONENTIAL_CRN_1720_ENGINE1,F0_INTRINSIC_OPENING,1.00000000000002,0.9999999999998899,1.2774292439075769e-45,0.0,-1.2774292439075514e-45,0.0,True,analytic_barrier_and_renewal_quadrature,0.0
P25_TRANSFER_V1_RANK1,575.0,0.05,0.07509316036236147,EXPONENTIAL_CRN_1720_ENGINE1,F1_EMISSION_BLUNTING,0.9999999999999999,0.9999999999998899,0.0,0.0,-0.0,0.0,True,finite_difference_transient_state_at_fixed_load,2.220446049250313e-16
P25_TRANSFER_V1_RANK1,600.0,0.05,0.07509316036236147,EXPONENTIAL_CRN_1720_ENGINE1,F0_INTRINSIC_OPENING,1.00000000000002,0.9999999999998899,1.0531278186226243e-67,0.0,-1.0531278186226032e-67,0.0,True,analytic_barrier_and_renewal_quadrature,0.0
P25_TRANSFER_V1_RANK1,600.0,0.05,0.07509316036236147,EXPONENTIAL_CRN_1720_ENGINE1,F1_EMISSION_BLUNTING,0.9999999999999999,0.9999999999998899,0.0,0.0,-0.0,0.0,True,finite_difference_transient_state_at_fixed_load,0.0
P25_TRANSFER_V1_RANK1,625.0,0.05,0.07509316036236147,EXPONENTIAL_CRN_1720_ENGINE1,F0_INTRINSIC_OPENING,1.00000000000002,0.9999999999998899,4.3362301000783206e-97,0.0,-4.336230100078234e-97,0.0,True,analytic_barrier_and_renewal_quadrature,0.0
P25_TRANSFER_V1_RANK1,625.0,0.05,0.07509316036236147,EXPONENTIAL_CRN_1720_ENGINE1,F1_EMISSION_BLUNTING,0.9999999999999999,0.9999999999998899,0.0,0.0,-0.0,0.0,True,finite_difference_transient_state_at_fixed_load,0.0
P25_TRANSFER_V1_RANK1,650.0,0.05,0.07509316036236147,EXPONENTIAL_CRN_1720_ENGINE1,F0_INTRINSIC_OPENING,1.00000000000002,0.9999999999998899,3.879624383596902e-135,0.0,-3.8796243835968245e-135,0.0,True,analytic_barrier_and_renewal_quadrature,0.0
P25_TRANSFER_V1_RANK1,650.0,0.05,0.07509316036236147,EXPONENTIAL_CRN_1720_ENGINE1,F1_EMISSION_BLUNTING,0.9999999999999999,0.9999999999998899,0.0,0.0,-0.0,0.0,True,finite_difference_transient_state_at_fixed_load,2.220446049250313e-16
P25_TRANSFER_V1_RANK1,675.0,0.05,0.07509316036236147,EXPONENTIAL_CRN_1720_ENGINE1,F0_INTRINSIC_OPENING,1.00000000000002,0.9999999999998899,2.924979158474882e-183,0.0,-2.9249791584748236e-183,0.0,True,analytic_barrier_and_renewal_quadrature,0.0
P25_TRANSFER_V1_RANK1,675.0,0.05,0.07509316036236147,EXPONENTIAL_CRN_1720_ENGINE1,F1_EMISSION_BLUNTING,0.9999999999999999,0.9999999999976694,0.0,0.0,-0.0,0.0,True,finite_difference_transient_state_at_fixed_load,2.220446049250313e-16
P25_TRANSFER_V1_RANK1,700.0,0.05,0.07509316036236147,EXPONENTIAL_CRN_1720_ENGINE1,F0_INTRINSIC_OPENING,1.00000000000002,0.9999999999998899,6.816409642518951e-243,0.0,-6.816409642518815e-243,0.0,True,analytic_barrier_and_renewal_quadrature,0.0
P25_TRANSFER_V1_RANK1,700.0,0.05,0.07509316036236147,EXPONENTIAL_CRN_1720_ENGINE1,F1_EMISSION_BLUNTING,1.0000000000000002,0.9999999999998899,0.0,0.0,-0.0,0.0,True,finite_difference_transient_state_at_fixed_load,0.0
P25_TRANSFER_V1_RANK1,725.0,0.05,0.07509316036236147,EXPONENTIAL_CRN_1720_ENGINE1,F0_INTRINSIC_OPENING,1.00000000000002,0.9999999999998899,1.802926386e-315,0.0,-1.802926386e-315,0.0,True,analytic_barrier_and_renewal_quadrature,0.0
P25_TRANSFER_V1_RANK1,725.0,0.05,0.07509316036236147,EXPONENTIAL_CRN_1720_ENGINE1,F1_EMISSION_BLUNTING,0.9999999999999999,0.9999999999998899,0.0,0.0,-0.0,0.0,True,finite_difference_transient_state_at_fixed_load,0.0
P25_TRANSFER_V1_RANK1,750.0,0.05,0.07509316036236147,EXPONENTIAL_CRN_1720_ENGINE1,F0_INTRINSIC_OPENING,1.00000000000002,0.9999999999998899,0.0,0.0,-0.0,0.0,True,analytic_barrier_and_renewal_quadrature,0.0
P25_TRANSFER_V1_RANK1,775.0,0.05,0.07509316036236147,EXPONENTIAL_CRN_1720_ENGINE1,F0_INTRINSIC_OPENING,1.00000000000002,0.9999999999998899,0.0,0.0,-0.0,0.0,True,analytic_barrier_and_renewal_quadrature,0.0
P25_TRANSFER_V1_RANK1,800.0,0.05,0.07509316036236147,EXPONENTIAL_CRN_1720_ENGINE1,F0_INTRINSIC_OPENING,1.00000000000002,0.9999999999998899,0.0,0.0,-0.0,0.0,True,analytic_barrier_and_renewal_quadrature,0.0
P25_TRANSFER_V1_RANK1,825.0,0.05,0.07509316036236147,EXPONENTIAL_CRN_1720_ENGINE1,F0_INTRINSIC_OPENING,1.00000000000002,0.9999999999998899,0.0,0.0,-0.0,0.0,True,analytic_barrier_and_renewal_quadrature,0.0
P25_TRANSFER_V1_RANK1,850.0,0.05,0.07509316036236147,EXPONENTIAL_CRN_1720_ENGINE1,F0_INTRINSIC_OPENING,1.00000000000002,0.9999999999998899,0.0,0.0,-0.0,0.0,True,analytic_barrier_and_renewal_quadrature,0.0
P25_TRANSFER_V1_RANK1,875.0,0.05,0.07509316036236147,EXPONENTIAL_CRN_1720_ENGINE1,F0_INTRINSIC_OPENING,1.00000000000002,0.9999999999998899,0.0,0.0,-0.0,0.0,True,analytic_barrier_and_renewal_quadrature,0.0
P25_TRANSFER_V1_RANK1,900.0,0.05,0.07509316036236147,EXPONENTIAL_CRN_1720_ENGINE1,F0_INTRINSIC_OPENING,1.00000000000002,0.9999999999998899,0.0,0.0,-0.0,0.0,True,analytic_barrier_and_renewal_quadrature,0.0
P25_TRANSFER_V1_RANK1,925.0,0.05,0.07509316036236147,EXPONENTIAL_CRN_1720_ENGINE1,F0_INTRINSIC_OPENING,1.00000000000002,0.9999999999998899,0.0,0.0,-0.0,0.0,True,analytic_barrier_and_renewal_quadrature,0.0
P25_TRANSFER_V1_RANK1,950.0,0.05,0.07509316036236147,EXPONENTIAL_CRN_1720_ENGINE1,F0_INTRINSIC_OPENING,1.00000000000002,0.9999999999998899,0.0,0.0,-0.0,0.0,True,analytic_barrier_and_renewal_quadrature,0.0
P25_TRANSFER_V1_RANK1,975.0,0.05,0.07509316036236147,EXPONENTIAL_CRN_1720_ENGINE1,F0_INTRINSIC_OPENING,1.00000000000002,0.9999999999998899,0.0,0.0,-0.0,0.0,True,analytic_barrier_and_renewal_quadrature,0.0
P25_TRANSFER_V1_RANK1,1000.0,0.05,0.07509316036236147,EXPONENTIAL_CRN_1720_ENGINE1,F0_INTRINSIC_OPENING,1.00000000000002,0.9999999999998899,0.0,0.0,-0.0,0.0,True,analytic_barrier_and_renewal_quadrature,0.0
P25_TRANSFER_V1_RANK1,1025.0,0.05,0.07509316036236147,EXPONENTIAL_CRN_1720_ENGINE1,F0_INTRINSIC_OPENING,1.00000000000002,0.9999999999998899,0.0,0.0,-0.0,0.0,True,analytic_barrier_and_renewal_quadrature,0.0
P25_TRANSFER_V1_RANK1,1050.0,0.05,0.07509316036236147,EXPONENTIAL_CRN_1720_ENGINE1,F0_INTRINSIC_OPENING,1.00000000000002,0.9999999999998899,0.0,0.0,-0.0,0.0,True,analytic_barrier_and_renewal_quadrature,0.0
P25_TRANSFER_V1_RANK1,1075.0,0.05,0.07509316036236147,EXPONENTIAL_CRN_1720_ENGINE1,F0_INTRINSIC_OPENING,1.00000000000002,0.9999999999998899,0.0,0.0,-0.0,0.0,True,analytic_barrier_and_renewal_quadrature,0.0
P25_TRANSFER_V1_RANK1,1100.0,0.05,0.07509316036236147,EXPONENTIAL_CRN_1720_ENGINE1,F0_INTRINSIC_OPENING,1.00000000000002,0.9999999999998899,0.0,0.0,-0.0,0.0,True,analytic_barrier_and_renewal_quadrature,0.0
P25_TRANSFER_V1_RANK1,1125.0,0.05,0.07509316036236147,EXPONENTIAL_CRN_1720_ENGINE1,F0_INTRINSIC_OPENING,1.00000000000002,0.9999999999998899,0.0,0.0,-0.0,0.0,True,analytic_barrier_and_renewal_quadrature,0.0
P25_TRANSFER_V1_RANK1,1150.0,0.05,0.07509316036236147,EXPONENTIAL_CRN_1720_ENGINE1,F0_INTRINSIC_OPENING,1.00000000000002,0.9999999999998899,0.0,0.0,-0.0,0.0,True,analytic_barrier_and_renewal_quadrature,0.0
P25_TRANSFER_V1_RANK1,1175.0,0.05,0.07509316036236147,EXPONENTIAL_CRN_1720_ENGINE1,F0_INTRINSIC_OPENING,1.00000000000002,0.9999999999998899,0.0,0.0,-0.0,0.0,True,analytic_barrier_and_renewal_quadrature,0.0
P25_TRANSFER_V1_RANK1,1200.0,0.05,0.07509316036236147,EXPONENTIAL_CRN_1720_ENGINE1,F0_INTRINSIC_OPENING,1.00000000000002,0.9999999999998899,0.0,0.0,-0.0,0.0,True,analytic_barrier_and_renewal_quadrature,0.0
P40_TRANSFER_CALIBRATED_GEN2,300.0,0.0005,0.07509316036236147,EXPONENTIAL_CRN_1720_ENGINE1,F0_INTRINSIC_OPENING,1.000000007810539,1.0000000078180804,0.17849869073240845,0.17849869496482818,-0.17849868933823745,-0.1784986935706101,True,analytic_barrier_and_renewal_quadrature,0.0
P40_TRANSFER_CALIBRATED_GEN2,300.0,0.0005,0.07509316036236147,EXPONENTIAL_CRN_1720_ENGINE1,F1_EMISSION_BLUNTING,1.0000000078105395,1.000000007811419,0.1784986949648415,0.1784986949648415,-0.17849869357067039,-0.1784986935706101,True,finite_difference_transient_state_at_fixed_load,1.1102230246251565e-16
P40_TRANSFER_CALIBRATED_GEN2,325.0,0.0005,0.07509316036236147,EXPONENTIAL_CRN_1720_ENGINE1,F0_INTRINSIC_OPENING,1.0000000000091678,1.0000000000132125,0.15023696499999614,0.15023696687004762,-0.1502369649986188,-0.15023696686874644,True,analytic_barrier_and_renewal_quadrature,0.0
P40_TRANSFER_CALIBRATED_GEN2,325.0,0.0005,0.07509316036236147,EXPONENTIAL_CRN_1720_ENGINE1,F1_EMISSION_BLUNTING,1.000000000008702,1.0000000000065512,0.1502369668700565,0.1502369668700565,-0.15023696686874916,-0.15023696685947385,True,finite_difference_transient_state_at_fixed_load,0.0
P40_TRANSFER_CALIBRATED_GEN2,350.0,0.0005,0.07509316036236147,EXPONENTIAL_CRN_1720_ENGINE1,F0_INTRINSIC_OPENING,1.0000000000000275,0.9999999999998899,0.1247535178823863,0.12475351720206085,-0.12475351788238286,-0.12475351720205197,True,analytic_barrier_and_renewal_quadrature,0.0
P40_TRANSFER_CALIBRATED_GEN2,350.0,0.0005,0.07509316036236147,EXPONENTIAL_CRN_1720_ENGINE1,F1_EMISSION_BLUNTING,1.000000000000025,0.9999999999998899,0.12475351720206085,0.12475351720206085,-0.12475351720205771,-0.1247535172020875,True,finite_difference_transient_state_at_fixed_load,0.0
P40_TRANSFER_CALIBRATED_GEN2,375.0,0.0005,0.07509316036236147,EXPONENTIAL_CRN_1720_ENGINE1,F0_INTRINSIC_OPENING,0.9999999999999992,0.9999999999998899,0.0982449603941016,0.09824495720754278,-0.09824496039410169,-0.0982449572075339,True,analytic_barrier_and_renewal_quadrature,0.0
P40_TRANSFER_CALIBRATED_GEN2,375.0,0.0005,0.07509316036236147,EXPONENTIAL_CRN_1720_ENGINE1,F1_EMISSION_BLUNTING,1.0000000000000004,1.0000000000021103,0.0982449572075561,0.0982449572075561,-0.09824495720755606,-0.0982449572075339,True,finite_difference_transient_state_at_fixed_load,8.881784197001252e-16
P40_TRANSFER_CALIBRATED_GEN2,400.0,0.0005,0.07509316036236147,EXPONENTIAL_CRN_1720_ENGINE1,F0_INTRINSIC_OPENING,0.9999999999999997,0.9999999999998899,0.06719821814285643,0.06719821464661546,-0.06719821814285645,-0.06719821464660214,True,analytic_barrier_and_renewal_quadrature,0.0
P40_TRANSFER_CALIBRATED_GEN2,400.0,0.0005,0.07509316036236147,EXPONENTIAL_CRN_1720_ENGINE1,F1_EMISSION_BLUNTING,0.9999999999999989,0.9999999999998899,0.06719821464662434,0.06719821464662434,-0.06719821464662441,-0.06719821464660214,True,finite_difference_transient_state_at_fixed_load,0.0
P40_TRANSFER_CALIBRATED_GEN2,425.0,0.0005,0.07509316036236147,EXPONENTIAL_CRN_1720_ENGINE1,F0_INTRINSIC_OPENING,1.0000000000000009,0.9999999999998899,0.03204137394160873,0.03204137927074413,-0.032041373941608706,-0.03204137927074413,True,analytic_barrier_and_renewal_quadrature,0.0
P40_TRANSFER_CALIBRATED_GEN2,425.0,0.0005,0.07509316036236147,EXPONENTIAL_CRN_1720_ENGINE1,F1_EMISSION_BLUNTING,0.9999999999999998,0.9999999999998899,0.03204137927074857,0.03204137927074857,-0.03204137927074858,-0.03204137927074413,True,finite_difference_transient_state_at_fixed_load,0.0
P40_TRANSFER_CALIBRATED_GEN2,450.0,0.0005,0.07509316036236147,EXPONENTIAL_CRN_1720_ENGINE1,F0_INTRINSIC_OPENING,1.0000000000002511,0.9999999999998899,0.0058411870983841535,0.005841203954415342,-0.005841187098382687,-0.005841203954481955,True,analytic_barrier_and_renewal_quadrature,0.0
P40_TRANSFER_CALIBRATED_GEN2,450.0,0.0005,0.07509316036236147,EXPONENTIAL_CRN_1720_ENGINE1,F1_EMISSION_BLUNTING,0.9999999999999991,1.0000000000021103,0.005841203954415342,0.005841203954415342,-0.005841203954415347,-0.005841203954410901,True,finite_difference_transient_state_at_fixed_load,0.0
P40_TRANSFER_CALIBRATED_GEN2,475.0,0.0005,0.07509316036236147,EXPONENTIAL_CRN_1720_ENGINE1,F0_INTRINSIC_OPENING,1.000000000000022,0.9999999999998899,0.00011507045575661792,0.00011507253052656097,-0.00011507045575661538,-0.00011507253052656097,True,analytic_barrier_and_renewal_quadrature,0.0
P40_TRANSFER_CALIBRATED_GEN2,475.0,0.0005,0.07509316036236147,EXPONENTIAL_CRN_1720_ENGINE1,F1_EMISSION_BLUNTING,0.9999999999999998,0.9999999999998899,0.00011507253052212008,0.00011507253052212008,-0.0001150725305221201,-0.00011507253052656097,True,finite_difference_transient_state_at_fixed_load,0.0
P40_TRANSFER_CALIBRATED_GEN2,500.0,0.0005,0.07509316036236147,EXPONENTIAL_CRN_1720_ENGINE1,F0_INTRINSIC_OPENING,1.0000000000000226,0.9999999999976694,5.554176639948224e-08,5.554525728257431e-08,-5.554176639948098e-08,-5.554525728257431e-08,True,analytic_barrier_and_renewal_quadrature,0.0
P40_TRANSFER_CALIBRATED_GEN2,500.0,0.0005,0.07509316036236147,EXPONENTIAL_CRN_1720_ENGINE1,F1_EMISSION_BLUNTING,1.0,0.9999999999976694,5.554525728257431e-08,5.554525728257431e-08,-5.554525728257431e-08,-5.554525728257431e-08,True,finite_difference_transient_state_at_fixed_load,0.0
P40_TRANSFER_CALIBRATED_GEN2,525.0,0.0005,0.07509316036236147,EXPONENTIAL_CRN_1720_ENGINE1,F0_INTRINSIC_OPENING,1.0000000000000222,0.9999999999998899,1.4655080174705117e-13,1.4210854715202004e-13,-1.465508017470479e-13,-1.4210854715202004e-13,True,analytic_barrier_and_renewal_quadrature,0.0
P40_TRANSFER_CALIBRATED_GEN2,525.0,0.0005,0.07509316036236147,EXPONENTIAL_CRN_1720_ENGINE1,F1_EMISSION_BLUNTING,1.0,1.0000000000021103,1.4654943925052066e-13,1.4654943925052066e-13,-1.4654943925052066e-13,-1.4210854715202004e-13,True,finite_difference_transient_state_at_fixed_load,0.0
P40_TRANSFER_CALIBRATED_GEN2,550.0,0.0005,0.07509316036236147,EXPONENTIAL_CRN_1720_ENGINE1,F0_INTRINSIC_OPENING,1.0000000000000213,0.9999999999998899,3.5880572078303778e-22,0.0,-3.588057207830301e-22,0.0,True,analytic_barrier_and_renewal_quadrature,0.0
P40_TRANSFER_CALIBRATED_GEN2,550.0,0.0005,0.07509316036236147,EXPONENTIAL_CRN_1720_ENGINE1,F1_EMISSION_BLUNTING,0.9999999999999994,0.9999999999998899,0.0,0.0,-0.0,0.0,True,finite_difference_transient_state_at_fixed_load,3.3306690738754696e-16
P40_TRANSFER_CALIBRATED_GEN2,575.0,0.0005,0.07509316036236147,EXPONENTIAL_CRN_1720_ENGINE1,F0_INTRINSIC_OPENING,1.0000000000000213,0.9999999999998899,1.0230956772122901e-34,0.0,-1.0230956772122683e-34,0.0,True,analytic_barrier_and_renewal_quadrature,0.0
P40_TRANSFER_CALIBRATED_GEN2,575.0,0.0005,0.07509316036236147,EXPONENTIAL_CRN_1720_ENGINE1,F1_EMISSION_BLUNTING,0.9999999999999991,0.9999999999998899,0.0,0.0,-0.0,0.0,True,finite_difference_transient_state_at_fixed_load,4.440892098500626e-16
P40_TRANSFER_CALIBRATED_GEN2,600.0,0.0005,0.07509316036236147,EXPONENTIAL_CRN_1720_ENGINE1,F0_INTRINSIC_OPENING,1.0000000000000213,0.9999999999998899,3.2401268540475614e-52,0.0,-3.2401268540474924e-52,0.0,True,analytic_barrier_and_renewal_quadrature,0.0
P40_TRANSFER_CALIBRATED_GEN2,600.0,0.0005,0.07509316036236147,EXPONENTIAL_CRN_1720_ENGINE1,F1_EMISSION_BLUNTING,0.9999999999999994,0.9999999999998899,0.0,0.0,-0.0,0.0,True,finite_difference_transient_state_at_fixed_load,0.0
P40_TRANSFER_CALIBRATED_GEN2,625.0,0.0005,0.07509316036236147,EXPONENTIAL_CRN_1720_ENGINE1,F0_INTRINSIC_OPENING,1.0000000000000213,0.9999999999998899,8.58203042717248e-76,0.0,-8.582030427172297e-76,0.0,True,analytic_barrier_and_renewal_quadrature,0.0
P40_TRANSFER_CALIBRATED_GEN2,625.0,0.0005,0.07509316036236147,EXPONENTIAL_CRN_1720_ENGINE1,F1_EMISSION_BLUNTING,0.9999999999999994,0.9999999999998899,0.0,0.0,-0.0,0.0,True,finite_difference_transient_state_at_fixed_load,3.3306690738754696e-16
P40_TRANSFER_CALIBRATED_GEN2,650.0,0.0005,0.07509316036236147,EXPONENTIAL_CRN_1720_ENGINE1,F0_INTRINSIC_OPENING,1.0000000000000213,0.9999999999998899,1.183414356452837e-106,0.0,-1.1834143564528118e-106,0.0,True,analytic_barrier_and_renewal_quadrature,0.0
P40_TRANSFER_CALIBRATED_GEN2,650.0,0.0005,0.07509316036236147,EXPONENTIAL_CRN_1720_ENGINE1,F1_EMISSION_BLUNTING,0.9999999999999994,0.9999999999998899,0.0,0.0,-0.0,0.0,True,finite_difference_transient_state_at_fixed_load,0.0
P40_TRANSFER_CALIBRATED_GEN2,675.0,0.0005,0.07509316036236147,EXPONENTIAL_CRN_1720_ENGINE1,F0_INTRINSIC_OPENING,1.0000000000000213,0.9999999999998899,4.597905729836835e-146,0.0,-4.597905729836737e-146,0.0,True,analytic_barrier_and_renewal_quadrature,0.0
P40_TRANSFER_CALIBRATED_GEN2,675.0,0.0005,0.07509316036236147,EXPONENTIAL_CRN_1720_ENGINE1,F1_EMISSION_BLUNTING,0.9999999999999994,0.9999999999998899,0.0,0.0,-0.0,0.0,True,finite_difference_transient_state_at_fixed_load,3.3306690738754696e-16
P40_TRANSFER_CALIBRATED_GEN2,700.0,0.0005,0.07509316036236147,EXPONENTIAL_CRN_1720_ENGINE1,F0_INTRINSIC_OPENING,1.0000000000000213,0.9999999999998899,2.4946260061131925e-195,0.0,-2.4946260061131392e-195,0.0,True,analytic_barrier_and_renewal_quadrature,0.0
P40_TRANSFER_CALIBRATED_GEN2,700.0,0.0005,0.07509316036236147,EXPONENTIAL_CRN_1720_ENGINE1,F1_EMISSION_BLUNTING,0.9999999999999994,0.9999999999998899,0.0,0.0,-0.0,0.0,True,finite_difference_transient_state_at_fixed_load,0.0
P40_TRANSFER_CALIBRATED_GEN2,725.0,0.0005,0.07509316036236147,EXPONENTIAL_CRN_1720_ENGINE1,F0_INTRINSIC_OPENING,1.0000000000000213,0.9999999999998899,9.028516674476977e-256,0.0,-9.028516674476784e-256,0.0,True,analytic_barrier_and_renewal_quadrature,0.0
P40_TRANSFER_CALIBRATED_GEN2,725.0,0.0005,0.07509316036236147,EXPONENTIAL_CRN_1720_ENGINE1,F1_EMISSION_BLUNTING,0.9999999999999991,0.9999999999998899,0.0,0.0,-0.0,0.0,True,finite_difference_transient_state_at_fixed_load,4.440892098500626e-16
P40_TRANSFER_CALIBRATED_GEN2,750.0,0.0005,0.07509316036236147,EXPONENTIAL_CRN_1720_ENGINE1,F0_INTRINSIC_OPENING,1.0000000000000213,0.9999999999998899,0.0,0.0,-0.0,0.0,True,analytic_barrier_and_renewal_quadrature,0.0
P40_TRANSFER_CALIBRATED_GEN2,750.0,0.0005,0.07509316036236147,EXPONENTIAL_CRN_1720_ENGINE1,F1_EMISSION_BLUNTING,0.9999999999999994,0.9999999999998899,0.0,0.0,-0.0,0.0,True,finite_difference_transient_state_at_fixed_load,0.0
P40_TRANSFER_CALIBRATED_GEN2,775.0,0.0005,0.07509316036236147,EXPONENTIAL_CRN_1720_ENGINE1,F0_INTRINSIC_OPENING,1.0000000000000213,0.9999999999998899,0.0,0.0,-0.0,0.0,True,analytic_barrier_and_renewal_quadrature,0.0
P40_TRANSFER_CALIBRATED_GEN2,775.0,0.0005,0.07509316036236147,EXPONENTIAL_CRN_1720_ENGINE1,F1_EMISSION_BLUNTING,0.9999999999999994,0.9999999999998899,0.0,0.0,-0.0,0.0,True,finite_difference_transient_state_at_fixed_load,0.0
P40_TRANSFER_CALIBRATED_GEN2,800.0,0.0005,0.07509316036236147,EXPONENTIAL_CRN_1720_ENGINE1,F0_INTRINSIC_OPENING,1.0000000000000213,0.9999999999998899,0.0,0.0,-0.0,0.0,True,analytic_barrier_and_renewal_quadrature,0.0
P40_TRANSFER_CALIBRATED_GEN2,825.0,0.0005,0.07509316036236147,EXPONENTIAL_CRN_1720_ENGINE1,F0_INTRINSIC_OPENING,1.0000000000000213,0.9999999999998899,0.0,0.0,-0.0,0.0,True,analytic_barrier_and_renewal_quadrature,0.0
P40_TRANSFER_CALIBRATED_GEN2,825.0,0.0005,0.07509316036236147,EXPONENTIAL_CRN_1720_ENGINE1,F1_EMISSION_BLUNTING,0.9999999999999994,0.9999999999998899,0.0,0.0,-0.0,0.0,True,finite_difference_transient_state_at_fixed_load,0.0
P40_TRANSFER_CALIBRATED_GEN2,850.0,0.0005,0.07509316036236147,EXPONENTIAL_CRN_1720_ENGINE1,F0_INTRINSIC_OPENING,1.0000000000000213,0.9999999999998899,0.0,0.0,-0.0,0.0,True,analytic_barrier_and_renewal_quadrature,0.0
P40_TRANSFER_CALIBRATED_GEN2,875.0,0.0005,0.07509316036236147,EXPONENTIAL_CRN_1720_ENGINE1,F0_INTRINSIC_OPENING,1.0000000000000213,0.9999999999998899,0.0,0.0,-0.0,0.0,True,analytic_barrier_and_renewal_quadrature,0.0
P40_TRANSFER_CALIBRATED_GEN2,900.0,0.0005,0.07509316036236147,EXPONENTIAL_CRN_1720_ENGINE1,F0_INTRINSIC_OPENING,1.0000000000000213,0.9999999999998899,0.0,0.0,-0.0,0.0,True,analytic_barrier_and_renewal_quadrature,0.0
P40_TRANSFER_CALIBRATED_GEN2,900.0,0.0005,0.07509316036236147,EXPONENTIAL_CRN_1720_ENGINE1,F1_EMISSION_BLUNTING,0.9999999999999994,0.9999999999998899,0.0,0.0,-0.0,0.0,True,finite_difference_transient_state_at_fixed_load,0.0
P40_TRANSFER_CALIBRATED_GEN2,925.0,0.0005,0.07509316036236147,EXPONENTIAL_CRN_1720_ENGINE1,F0_INTRINSIC_OPENING,1.0000000000000213,0.9999999999998899,0.0,0.0,-0.0,0.0,True,analytic_barrier_and_renewal_quadrature,0.0
P40_TRANSFER_CALIBRATED_GEN2,925.0,0.0005,0.07509316036236147,EXPONENTIAL_CRN_1720_ENGINE1,F1_EMISSION_BLUNTING,0.9999999999999991,0.9999999999998899,0.0,0.0,-0.0,0.0,True,finite_difference_transient_state_at_fixed_load,4.440892098500626e-16
P40_TRANSFER_CALIBRATED_GEN2,950.0,0.0005,0.07509316036236147,EXPONENTIAL_CRN_1720_ENGINE1,F0_INTRINSIC_OPENING,1.0000000000000213,0.9999999999998899,0.0,0.0,-0.0,0.0,True,analytic_barrier_and_renewal_quadrature,0.0
P40_TRANSFER_CALIBRATED_GEN2,975.0,0.0005,0.07509316036236147,EXPONENTIAL_CRN_1720_ENGINE1,F0_INTRINSIC_OPENING,1.0000000000000213,0.9999999999998899,0.0,0.0,-0.0,0.0,True,analytic_barrier_and_renewal_quadrature,0.0
P40_TRANSFER_CALIBRATED_GEN2,1000.0,0.0005,0.07509316036236147,EXPONENTIAL_CRN_1720_ENGINE1,F0_INTRINSIC_OPENING,1.0000000000000213,0.9999999999998899,0.0,0.0,-0.0,0.0,True,analytic_barrier_and_renewal_quadrature,0.0
P40_TRANSFER_CALIBRATED_GEN2,1025.0,0.0005,0.07509316036236147,EXPONENTIAL_CRN_1720_ENGINE1,F0_INTRINSIC_OPENING,1.0000000000000213,0.9999999999998899,0.0,0.0,-0.0,0.0,True,analytic_barrier_and_renewal_quadrature,0.0
P40_TRANSFER_CALIBRATED_GEN2,1025.0,0.0005,0.07509316036236147,EXPONENTIAL_CRN_1720_ENGINE1,F1_EMISSION_BLUNTING,0.9999999999999994,1.0000000000021103,0.0,0.0,-0.0,0.0,True,finite_difference_transient_state_at_fixed_load,3.3306690738754696e-16
P40_TRANSFER_CALIBRATED_GEN2,1050.0,0.0005,0.07509316036236147,EXPONENTIAL_CRN_1720_ENGINE1,F0_INTRINSIC_OPENING,1.0000000000000213,0.9999999999998899,0.0,0.0,-0.0,0.0,True,analytic_barrier_and_renewal_quadrature,0.0
P40_TRANSFER_CALIBRATED_GEN2,1075.0,0.0005,0.07509316036236147,EXPONENTIAL_CRN_1720_ENGINE1,F0_INTRINSIC_OPENING,1.0000000000000213,0.9999999999998899,0.0,0.0,-0.0,0.0,True,analytic_barrier_and_renewal_quadrature,0.0
P40_TRANSFER_CALIBRATED_GEN2,1100.0,0.0005,0.07509316036236147,EXPONENTIAL_CRN_1720_ENGINE1,F0_INTRINSIC_OPENING,1.0000000000000213,0.9999999999998899,0.0,0.0,-0.0,0.0,True,analytic_barrier_and_renewal_quadrature,0.0
P40_TRANSFER_CALIBRATED_GEN2,1125.0,0.0005,0.07509316036236147,EXPONENTIAL_CRN_1720_ENGINE1,F0_INTRINSIC_OPENING,1.0000000000000213,0.9999999999998899,0.0,0.0,-0.0,0.0,True,analytic_barrier_and_renewal_quadrature,0.0
P40_TRANSFER_CALIBRATED_GEN2,1150.0,0.0005,0.07509316036236147,EXPONENTIAL_CRN_1720_ENGINE1,F0_INTRINSIC_OPENING,1.0000000000000213,0.9999999999998899,0.0,0.0,-0.0,0.0,True,analytic_barrier_and_renewal_quadrature,0.0
P40_TRANSFER_CALIBRATED_GEN2,1150.0,0.0005,0.07509316036236147,EXPONENTIAL_CRN_1720_ENGINE1,F1_EMISSION_BLUNTING,0.9999999999999994,0.9999999999998899,0.0,0.0,-0.0,0.0,True,finite_difference_transient_state_at_fixed_load,0.0
P40_TRANSFER_CALIBRATED_GEN2,1175.0,0.0005,0.07509316036236147,EXPONENTIAL_CRN_1720_ENGINE1,F0_INTRINSIC_OPENING,1.0000000000000213,0.9999999999998899,0.0,0.0,-0.0,0.0,True,analytic_barrier_and_renewal_quadrature,0.0
P40_TRANSFER_CALIBRATED_GEN2,1200.0,0.0005,0.07509316036236147,EXPONENTIAL_CRN_1720_ENGINE1,F0_INTRINSIC_OPENING,1.0000000000000213,0.9999999999998899,0.0,0.0,-0.0,0.0,True,analytic_barrier_and_renewal_quadrature,0.0
P40_TRANSFER_CALIBRATED_GEN2,300.0,0.005,0.07509316036236147,EXPONENTIAL_CRN_1720_ENGINE1,F0_INTRINSIC_OPENING,1.000000328070886,1.0000003280641323,0.1784986900262025,0.17849869425863307,-0.17849863146599831,-0.1784986356961582,True,analytic_barrier_and_renewal_quadrature,0.0
P40_TRANSFER_CALIBRATED_GEN2,300.0,0.005,0.07509316036236147,EXPONENTIAL_CRN_1720_ENGINE1,F1_EMISSION_BLUNTING,1.000000328070886,1.0000003280707936,0.1784986942586242,0.1784986942586242,-0.17849863569841862,-0.17849863569614932,True,finite_difference_transient_state_at_fixed_load,0.0
P40_TRANSFER_CALIBRATED_GEN2,325.0,0.005,0.07509316036236147,EXPONENTIAL_CRN_1720_ENGINE1,F0_INTRINSIC_OPENING,1.0000000003852074,1.000000000384027,0.150236964999089,0.15023696686914167,-0.1502369649412166,-0.15023696681131682,True,analytic_barrier_and_renewal_quadrature,0.0
P40_TRANSFER_CALIBRATED_GEN2,325.0,0.005,0.07509316036236147,EXPONENTIAL_CRN_1720_ENGINE1,F1_EMISSION_BLUNTING,1.0000000003852065,1.0000000003862475,0.15023696686914167,0.15023696686914167,-0.1502369668112694,-0.15023696681126353,True,finite_difference_transient_state_at_fixed_load,0.0
P40_TRANSFER_CALIBRATED_GEN2,350.0,0.005,0.07509316036236147,EXPONENTIAL_CRN_1720_ENGINE1,F0_INTRINSIC_OPENING,1.000000000001307,1.0000000000021103,0.12475351788238206,0.1247535172020342,-0.12475351788221901,-0.12475351720185657,True,analytic_barrier_and_renewal_quadrature,0.0
P40_TRANSFER_CALIBRATED_GEN2,350.0,0.005,0.07509316036236147,EXPONENTIAL_CRN_1720_ENGINE1,F1_EMISSION_BLUNTING,1.0000000000012401,1.0000000000021103,0.12475351720203864,0.12475351720203864,-0.12475351720188393,-0.1247535172020342,True,finite_difference_transient_state_at_fixed_load,4.440892098500626e-16
P40_TRANSFER_CALIBRATED_GEN2,375.0,0.005,0.07509316036236147,EXPONENTIAL_CRN_1720_ENGINE1,F0_INTRINSIC_OPENING,1.0000000000000069,1.0000000000021103,0.09824496039410165,0.09824495720754278,-0.09824496039410097,-0.09824495720756943,True,analytic_barrier_and_renewal_quadrature,0.0
P40_TRANSFER_CALIBRATED_GEN2,375.0,0.005,0.07509316036236147,EXPONENTIAL_CRN_1720_ENGINE1,F1_EMISSION_BLUNTING,1.0000000000000056,0.9999999999998899,0.09824495720754278,0.09824495720754278,-0.09824495720754224,-0.0982449572075339,True,finite_difference_transient_state_at_fixed_load,0.0
P40_TRANSFER_CALIBRATED_GEN2,400.0,0.005,0.07509316036236147,EXPONENTIAL_CRN_1720_ENGINE1,F0_INTRINSIC_OPENING,1.0000000000000007,1.0000000000021103,0.06719821814285648,0.06719821464661546,-0.06719821814285644,-0.06719821464663767,True,analytic_barrier_and_renewal_quadrature,0.0
P40_TRANSFER_CALIBRATED_GEN2,400.0,0.005,0.07509316036236147,EXPONENTIAL_CRN_1720_ENGINE1,F1_EMISSION_BLUNTING,0.9999999999999994,0.9999999999998899,0.06719821464662434,0.06719821464662434,-0.06719821464662439,-0.06719821464663767,True,finite_difference_transient_state_at_fixed_load,0.0
P40_TRANSFER_CALIBRATED_GEN2,425.0,0.005,0.07509316036236147,EXPONENTIAL_CRN_1720_ENGINE1,F0_INTRINSIC_OPENING,0.9999999999999986,0.9999999999998899,0.03204137394160865,0.03204137927074413,-0.0320413739416087,-0.03204137927074413,True,analytic_barrier_and_renewal_quadrature,0.0
P40_TRANSFER_CALIBRATED_GEN2,425.0,0.005,0.07509316036236147,EXPONENTIAL_CRN_1720_ENGINE1,F1_EMISSION_BLUNTING,0.9999999999999999,0.9999999999998899,0.03204137927074413,0.03204137927074413,-0.03204137927074414,-0.03204137927074413,True,finite_difference_transient_state_at_fixed_load,5.551115123125783e-16
P40_TRANSFER_CALIBRATED_GEN2,450.0,0.005,0.07509316036236147,EXPONENTIAL_CRN_1720_ENGINE1,F0_INTRINSIC_OPENING,1.0000000000002522,1.0000000000021103,0.005841187098384161,0.005841203954415342,-0.005841187098382688,-0.005841203954481955,True,analytic_barrier_and_renewal_quadrature,0.0
P40_TRANSFER_CALIBRATED_GEN2,450.0,0.005,0.07509316036236147,EXPONENTIAL_CRN_1720_ENGINE1,F1_EMISSION_BLUNTING,1.0000000000000002,0.9999999999998899,0.0058412039544197825,0.0058412039544197825,-0.005841203954419782,-0.005841203954410901,True,finite_difference_transient_state_at_fixed_load,0.0
P40_TRANSFER_CALIBRATED_GEN2,475.0,0.005,0.07509316036236147,EXPONENTIAL_CRN_1720_ENGINE1,F0_INTRINSIC_OPENING,1.0000000000000233,0.9999999999998899,0.00011507045575661804,0.00011507253052212008,-0.00011507045575661536,-0.00011507253052656097,True,analytic_barrier_and_renewal_quadrature,0.0
P40_TRANSFER_CALIBRATED_GEN2,475.0,0.005,0.07509316036236147,EXPONENTIAL_CRN_1720_ENGINE1,F1_EMISSION_BLUNTING,1.0000000000000004,0.9999999999998899,0.00011507253052212008,0.00011507253052212008,-0.00011507253052212002,-0.00011507253052656097,True,finite_difference_transient_state_at_fixed_load,0.0
P40_TRANSFER_CALIBRATED_GEN2,500.0,0.005,0.07509316036236147,EXPONENTIAL_CRN_1720_ENGINE1,F0_INTRINSIC_OPENING,1.0000000000000204,0.9999999999998899,5.554176639948209e-08,5.5545252841682213e-08,-5.554176639948096e-08,-5.554525728257431e-08,True,analytic_barrier_and_renewal_quadrature,0.0
P40_TRANSFER_CALIBRATED_GEN2,500.0,0.005,0.07509316036236147,EXPONENTIAL_CRN_1720_ENGINE1,F1_EMISSION_BLUNTING,1.0000000000000002,0.9999999999998899,5.554525728257431e-08,5.554525728257431e-08,-5.55452572825743e-08,-5.554525728257431e-08,True,finite_difference_transient_state_at_fixed_load,0.0
P40_TRANSFER_CALIBRATED_GEN2,525.0,0.005,0.07509316036236147,EXPONENTIAL_CRN_1720_ENGINE1,F0_INTRINSIC_OPENING,1.00000000000002,1.0000000000021103,1.4655080174705082e-13,1.4654943925052066e-13,-1.4655080174704789e-13,-1.7763568394002505e-13,True,analytic_barrier_and_renewal_quadrature,0.0
P40_TRANSFER_CALIBRATED_GEN2,525.0,0.005,0.07509316036236147,EXPONENTIAL_CRN_1720_ENGINE1,F1_EMISSION_BLUNTING,1.0,0.9999999999998899,1.4210854715202004e-13,1.4210854715202004e-13,-1.4210854715202004e-13,-1.4210854715202004e-13,True,finite_difference_transient_state_at_fixed_load,0.0
P40_TRANSFER_CALIBRATED_GEN2,550.0,0.005,0.07509316036236147,EXPONENTIAL_CRN_1720_ENGINE1,F0_INTRINSIC_OPENING,1.0000000000000224,0.9999999999998899,3.5880572078303815e-22,0.0,-3.588057207830301e-22,0.0,True,analytic_barrier_and_renewal_quadrature,0.0
P40_TRANSFER_CALIBRATED_GEN2,550.0,0.005,0.07509316036236147,EXPONENTIAL_CRN_1720_ENGINE1,F1_EMISSION_BLUNTING,1.0000000000000002,0.9999999999998899,0.0,0.0,-0.0,0.0,True,finite_difference_transient_state_at_fixed_load,2.220446049250313e-16
P40_TRANSFER_CALIBRATED_GEN2,575.0,0.005,0.07509316036236147,EXPONENTIAL_CRN_1720_ENGINE1,F0_INTRINSIC_OPENING,1.0000000000000224,0.9999999999998899,1.0230956772122912e-34,0.0,-1.0230956772122683e-34,0.0,True,analytic_barrier_and_renewal_quadrature,0.0
P40_TRANSFER_CALIBRATED_GEN2,575.0,0.005,0.07509316036236147,EXPONENTIAL_CRN_1720_ENGINE1,F1_EMISSION_BLUNTING,1.0,0.9999999999998899,0.0,0.0,-0.0,0.0,True,finite_difference_transient_state_at_fixed_load,2.220446049250313e-16
P40_TRANSFER_CALIBRATED_GEN2,600.0,0.005,0.07509316036236147,EXPONENTIAL_CRN_1720_ENGINE1,F0_INTRINSIC_OPENING,1.0000000000000224,0.9999999999998899,3.2401268540475647e-52,0.0,-3.240126854047492e-52,0.0,True,analytic_barrier_and_renewal_quadrature,0.0
P40_TRANSFER_CALIBRATED_GEN2,600.0,0.005,0.07509316036236147,EXPONENTIAL_CRN_1720_ENGINE1,F1_EMISSION_BLUNTING,1.0000000000000002,0.9999999999998899,0.0,0.0,-0.0,0.0,True,finite_difference_transient_state_at_fixed_load,0.0
P40_TRANSFER_CALIBRATED_GEN2,625.0,0.005,0.07509316036236147,EXPONENTIAL_CRN_1720_ENGINE1,F0_INTRINSIC_OPENING,1.0000000000000224,0.9999999999998899,8.58203042717249e-76,0.0,-8.582030427172297e-76,0.0,True,analytic_barrier_and_renewal_quadrature,0.0
P40_TRANSFER_CALIBRATED_GEN2,625.0,0.005,0.07509316036236147,EXPONENTIAL_CRN_1720_ENGINE1,F1_EMISSION_BLUNTING,1.0,0.9999999999998899,0.0,0.0,-0.0,0.0,True,finite_difference_transient_state_at_fixed_load,0.0
P40_TRANSFER_CALIBRATED_GEN2,650.0,0.005,0.07509316036236147,EXPONENTIAL_CRN_1720_ENGINE1,F0_INTRINSIC_OPENING,1.0000000000000224,0.9999999999998899,1.1834143564528382e-106,0.0,-1.1834143564528115e-106,0.0,True,analytic_barrier_and_renewal_quadrature,0.0
P40_TRANSFER_CALIBRATED_GEN2,650.0,0.005,0.07509316036236147,EXPONENTIAL_CRN_1720_ENGINE1,F1_EMISSION_BLUNTING,1.0,0.9999999999998899,0.0,0.0,-0.0,0.0,True,finite_difference_transient_state_at_fixed_load,0.0
P40_TRANSFER_CALIBRATED_GEN2,675.0,0.005,0.07509316036236147,EXPONENTIAL_CRN_1720_ENGINE1,F0_INTRINSIC_OPENING,1.0000000000000224,0.9999999999998899,4.597905729836839e-146,0.0,-4.597905729836736e-146,0.0,True,analytic_barrier_and_renewal_quadrature,0.0
P40_TRANSFER_CALIBRATED_GEN2,675.0,0.005,0.07509316036236147,EXPONENTIAL_CRN_1720_ENGINE1,F1_EMISSION_BLUNTING,1.0000000000000002,0.9999999999998899,0.0,0.0,-0.0,0.0,True,finite_difference_transient_state_at_fixed_load,2.220446049250313e-16
P40_TRANSFER_CALIBRATED_GEN2,700.0,0.005,0.07509316036236147,EXPONENTIAL_CRN_1720_ENGINE1,F0_INTRINSIC_OPENING,1.0000000000000224,0.9999999999998899,2.494626006113195e-195,0.0,-2.4946260061131392e-195,0.0,True,analytic_barrier_and_renewal_quadrature,0.0
P40_TRANSFER_CALIBRATED_GEN2,700.0,0.005,0.07509316036236147,EXPONENTIAL_CRN_1720_ENGINE1,F1_EMISSION_BLUNTING,1.0,0.9999999999998899,0.0,0.0,-0.0,0.0,True,finite_difference_transient_state_at_fixed_load,2.220446049250313e-16
P40_TRANSFER_CALIBRATED_GEN2,725.0,0.005,0.07509316036236147,EXPONENTIAL_CRN_1720_ENGINE1,F0_INTRINSIC_OPENING,1.0000000000000224,0.9999999999998899,9.028516674476986e-256,0.0,-9.028516674476784e-256,0.0,True,analytic_barrier_and_renewal_quadrature,0.0
P40_TRANSFER_CALIBRATED_GEN2,725.0,0.005,0.07509316036236147,EXPONENTIAL_CRN_1720_ENGINE1,F1_EMISSION_BLUNTING,1.0,0.9999999999998899,0.0,0.0,-0.0,0.0,True,finite_difference_transient_state_at_fixed_load,2.220446049250313e-16
P40_TRANSFER_CALIBRATED_GEN2,750.0,0.005,0.07509316036236147,EXPONENTIAL_CRN_1720_ENGINE1,F0_INTRINSIC_OPENING,1.0000000000000224,0.9999999999998899,0.0,0.0,-0.0,0.0,True,analytic_barrier_and_renewal_quadrature,0.0
P40_TRANSFER_CALIBRATED_GEN2,750.0,0.005,0.07509316036236147,EXPONENTIAL_CRN_1720_ENGINE1,F1_EMISSION_BLUNTING,1.0000000000000002,0.9999999999998899,0.0,0.0,-0.0,0.0,True,finite_difference_transient_state_at_fixed_load,0.0
P40_TRANSFER_CALIBRATED_GEN2,775.0,0.005,0.07509316036236147,EXPONENTIAL_CRN_1720_ENGINE1,F0_INTRINSIC_OPENING,1.0000000000000224,0.9999999999998899,0.0,0.0,-0.0,0.0,True,analytic_barrier_and_renewal_quadrature,0.0
P40_TRANSFER_CALIBRATED_GEN2,775.0,0.005,0.07509316036236147,EXPONENTIAL_CRN_1720_ENGINE1,F1_EMISSION_BLUNTING,1.0,0.9999999999998899,0.0,0.0,-0.0,0.0,True,finite_difference_transient_state_at_fixed_load,2.220446049250313e-16
P40_TRANSFER_CALIBRATED_GEN2,800.0,0.005,0.07509316036236147,EXPONENTIAL_CRN_1720_ENGINE1,F0_INTRINSIC_OPENING,1.0000000000000224,0.9999999999998899,0.0,0.0,-0.0,0.0,True,analytic_barrier_and_renewal_quadrature,0.0
P40_TRANSFER_CALIBRATED_GEN2,800.0,0.005,0.07509316036236147,EXPONENTIAL_CRN_1720_ENGINE1,F1_EMISSION_BLUNTING,1.0000000000000002,0.9999999999998899,0.0,0.0,-0.0,0.0,True,finite_difference_transient_state_at_fixed_load,0.0
P40_TRANSFER_CALIBRATED_GEN2,825.0,0.005,0.07509316036236147,EXPONENTIAL_CRN_1720_ENGINE1,F0_INTRINSIC_OPENING,1.0000000000000224,0.9999999999998899,0.0,0.0,-0.0,0.0,True,analytic_barrier_and_renewal_quadrature,0.0
P40_TRANSFER_CALIBRATED_GEN2,850.0,0.005,0.07509316036236147,EXPONENTIAL_CRN_1720_ENGINE1,F0_INTRINSIC_OPENING,1.0000000000000224,0.9999999999998899,0.0,0.0,-0.0,0.0,True,analytic_barrier_and_renewal_quadrature,0.0
P40_TRANSFER_CALIBRATED_GEN2,850.0,0.005,0.07509316036236147,EXPONENTIAL_CRN_1720_ENGINE1,F1_EMISSION_BLUNTING,1.0000000000000002,0.9999999999998899,-4.440892098500626e-15,-4.440892098500626e-15,4.440892098500625e-15,0.0,True,finite_difference_transient_state_at_fixed_load,0.0
P40_TRANSFER_CALIBRATED_GEN2,875.0,0.005,0.07509316036236147,EXPONENTIAL_CRN_1720_ENGINE1,F0_INTRINSIC_OPENING,1.0000000000000224,0.9999999999998899,0.0,0.0,-0.0,0.0,True,analytic_barrier_and_renewal_quadrature,0.0
P40_TRANSFER_CALIBRATED_GEN2,900.0,0.005,0.07509316036236147,EXPONENTIAL_CRN_1720_ENGINE1,F0_INTRINSIC_OPENING,1.0000000000000224,0.9999999999998899,0.0,0.0,-0.0,0.0,True,analytic_barrier_and_renewal_quadrature,0.0
P40_TRANSFER_CALIBRATED_GEN2,900.0,0.005,0.07509316036236147,EXPONENTIAL_CRN_1720_ENGINE1,F1_EMISSION_BLUNTING,1.0000000000000002,0.9999999999998899,0.0,0.0,-0.0,0.0,True,finite_difference_transient_state_at_fixed_load,0.0
P40_TRANSFER_CALIBRATED_GEN2,925.0,0.005,0.07509316036236147,EXPONENTIAL_CRN_1720_ENGINE1,F0_INTRINSIC_OPENING,1.0000000000000224,0.9999999999998899,0.0,0.0,-0.0,0.0,True,analytic_barrier_and_renewal_quadrature,0.0
P40_TRANSFER_CALIBRATED_GEN2,950.0,0.005,0.07509316036236147,EXPONENTIAL_CRN_1720_ENGINE1,F0_INTRINSIC_OPENING,1.0000000000000224,0.9999999999998899,0.0,0.0,-0.0,0.0,True,analytic_barrier_and_renewal_quadrature,0.0
P40_TRANSFER_CALIBRATED_GEN2,975.0,0.005,0.07509316036236147,EXPONENTIAL_CRN_1720_ENGINE1,F0_INTRINSIC_OPENING,1.0000000000000224,0.9999999999998899,0.0,0.0,-0.0,0.0,True,analytic_barrier_and_renewal_quadrature,0.0
P40_TRANSFER_CALIBRATED_GEN2,975.0,0.005,0.07509316036236147,EXPONENTIAL_CRN_1720_ENGINE1,F1_EMISSION_BLUNTING,1.0000000000000002,0.9999999999998899,0.0,0.0,-0.0,0.0,True,finite_difference_transient_state_at_fixed_load,0.0
P40_TRANSFER_CALIBRATED_GEN2,1000.0,0.005,0.07509316036236147,EXPONENTIAL_CRN_1720_ENGINE1,F0_INTRINSIC_OPENING,1.0000000000000224,0.9999999999998899,0.0,0.0,-0.0,0.0,True,analytic_barrier_and_renewal_quadrature,0.0
P40_TRANSFER_CALIBRATED_GEN2,1025.0,0.005,0.07509316036236147,EXPONENTIAL_CRN_1720_ENGINE1,F0_INTRINSIC_OPENING,1.0000000000000224,0.9999999999998899,0.0,0.0,-0.0,0.0,True,analytic_barrier_and_renewal_quadrature,0.0
P40_TRANSFER_CALIBRATED_GEN2,1025.0,0.005,0.07509316036236147,EXPONENTIAL_CRN_1720_ENGINE1,F1_EMISSION_BLUNTING,1.0000000000000002,0.9999999999998899,0.0,0.0,-0.0,0.0,True,finite_difference_transient_state_at_fixed_load,2.220446049250313e-16
P40_TRANSFER_CALIBRATED_GEN2,1050.0,0.005,0.07509316036236147,EXPONENTIAL_CRN_1720_ENGINE1,F0_INTRINSIC_OPENING,1.0000000000000224,0.9999999999998899,0.0,0.0,-0.0,0.0,True,analytic_barrier_and_renewal_quadrature,0.0
P40_TRANSFER_CALIBRATED_GEN2,1075.0,0.005,0.07509316036236147,EXPONENTIAL_CRN_1720_ENGINE1,F0_INTRINSIC_OPENING,1.0000000000000224,0.9999999999998899,0.0,0.0,-0.0,0.0,True,analytic_barrier_and_renewal_quadrature,0.0
P40_TRANSFER_CALIBRATED_GEN2,1100.0,0.005,0.07509316036236147,EXPONENTIAL_CRN_1720_ENGINE1,F0_INTRINSIC_OPENING,1.0000000000000224,0.9999999999998899,0.0,0.0,-0.0,0.0,True,analytic_barrier_and_renewal_quadrature,0.0
P40_TRANSFER_CALIBRATED_GEN2,1125.0,0.005,0.07509316036236147,EXPONENTIAL_CRN_1720_ENGINE1,F0_INTRINSIC_OPENING,1.0000000000000224,0.9999999999998899,0.0,0.0,-0.0,0.0,True,analytic_barrier_and_renewal_quadrature,0.0
P40_TRANSFER_CALIBRATED_GEN2,1150.0,0.005,0.07509316036236147,EXPONENTIAL_CRN_1720_ENGINE1,F0_INTRINSIC_OPENING,1.0000000000000224,0.9999999999998899,0.0,0.0,-0.0,0.0,True,analytic_barrier_and_renewal_quadrature,0.0
P40_TRANSFER_CALIBRATED_GEN2,1175.0,0.005,0.07509316036236147,EXPONENTIAL_CRN_1720_ENGINE1,F0_INTRINSIC_OPENING,1.0000000000000224,0.9999999999998899,0.0,0.0,-0.0,0.0,True,analytic_barrier_and_renewal_quadrature,0.0
P40_TRANSFER_CALIBRATED_GEN2,1200.0,0.005,0.07509316036236147,EXPONENTIAL_CRN_1720_ENGINE1,F0_INTRINSIC_OPENING,1.0000000000000224,0.9999999999998899,0.0,0.0,-0.0,0.0,True,analytic_barrier_and_renewal_quadrature,0.0
P40_TRANSFER_CALIBRATED_GEN2,300.0,0.05,0.07509316036236147,EXPONENTIAL_CRN_1720_ENGINE1,F0_INTRINSIC_OPENING,1.0000137800294298,1.0000137800392217,0.17849866036326908,0.1784986645957165,-0.17849620068037061,-0.1784962048172467,True,analytic_barrier_and_renewal_quadrature,0.0
P40_TRANSFER_CALIBRATED_GEN2,300.0,0.05,0.07509316036236147,EXPONENTIAL_CRN_1720_ENGINE1,F1_EMISSION_BLUNTING,1.0000137800298763,1.0000137800281195,0.17849866459568986,0.17849866459568986,-0.17849620491265336,-0.17849620481107387,True,finite_difference_transient_state_at_fixed_load,4.440892098500626e-16
P40_TRANSFER_CALIBRATED_GEN2,325.0,0.05,0.07509316036236147,EXPONENTIAL_CRN_1720_ENGINE1,F0_INTRINSIC_OPENING,1.000000016179854,1.0000000161802802,0.1502369649609887,0.1502369668310477,-0.1502369625301766,-0.15023696440023215,True,analytic_barrier_and_renewal_quadrature,0.0
P40_TRANSFER_CALIBRATED_GEN2,325.0,0.05,0.07509316036236147,EXPONENTIAL_CRN_1720_ENGINE1,F1_EMISSION_BLUNTING,1.00000001617985,1.0000000161802802,0.15023696683104326,0.15023696683104326,-0.15023696440023174,-0.1502369644001611,True,finite_difference_transient_state_at_fixed_load,0.0
P40_TRANSFER_CALIBRATED_GEN2,350.0,0.05,0.07509316036236147,EXPONENTIAL_CRN_1720_ENGINE1,F0_INTRINSIC_OPENING,1.0000000000547653,1.0000000000576215,0.12475351788220852,0.12475351720186545,-0.12475351787537636,-0.1247535171950176,True,analytic_barrier_and_renewal_quadrature,0.0
P40_TRANSFER_CALIBRATED_GEN2,350.0,0.05,0.07509316036236147,EXPONENTIAL_CRN_1720_ENGINE1,F1_EMISSION_BLUNTING,1.0000000000547655,1.0000000000531806,0.12475351720186545,0.12475351720186545,-0.12475351719503326,-0.12475351719503536,True,finite_difference_transient_state_at_fixed_load,0.0
P40_TRANSFER_CALIBRATED_GEN2,375.0,0.05,0.07509316036236147,EXPONENTIAL_CRN_1720_ENGINE1,F0_INTRINSIC_OPENING,1.0000000000004945,1.0000000000021103,0.09824496039409894,0.0982449572075339,-0.09824496039405035,-0.09824495720748061,True,analytic_barrier_and_renewal_quadrature,0.0
P40_TRANSFER_CALIBRATED_GEN2,375.0,0.05,0.07509316036236147,EXPONENTIAL_CRN_1720_ENGINE1,F1_EMISSION_BLUNTING,1.0000000000004698,1.0000000000021103,0.09824495720754278,0.09824495720754278,-0.09824495720749662,-0.0982449572075339,True,finite_difference_transient_state_at_fixed_load,0.0
P40_TRANSFER_CALIBRATED_GEN2,400.0,0.05,0.07509316036236147,EXPONENTIAL_CRN_1720_ENGINE1,F0_INTRINSIC_OPENING,1.0000000000000124,0.9999999999998899,0.06719821814285626,0.06719821464661546,-0.06719821814285543,-0.06719821464660214,True,analytic_barrier_and_renewal_quadrature,0.0
P40_TRANSFER_CALIBRATED_GEN2,400.0,0.05,0.07509316036236147,EXPONENTIAL_CRN_1720_ENGINE1,F1_EMISSION_BLUNTING,1.0000000000000122,0.9999999999998899,0.06719821464661546,0.06719821464661546,-0.06719821464661464,-0.06719821464663767,True,finite_difference_transient_state_at_fixed_load,0.0
P40_TRANSFER_CALIBRATED_GEN2,425.0,0.05,0.07509316036236147,EXPONENTIAL_CRN_1720_ENGINE1,F0_INTRINSIC_OPENING,1.0000000000000018,0.9999999999998899,0.03204137394160868,0.03204137927074413,-0.03204137394160862,-0.03204137927074413,True,analytic_barrier_and_renewal_quadrature,0.0
P40_TRANSFER_CALIBRATED_GEN2,425.0,0.05,0.07509316036236147,EXPONENTIAL_CRN_1720_ENGINE1,F1_EMISSION_BLUNTING,1.0000000000000013,0.9999999999998899,0.03204137927073969,0.03204137927073969,-0.03204137927073965,-0.03204137927074413,True,finite_difference_transient_state_at_fixed_load,0.0
P40_TRANSFER_CALIBRATED_GEN2,450.0,0.05,0.07509316036236147,EXPONENTIAL_CRN_1720_ENGINE1,F0_INTRINSIC_OPENING,1.00000000000025,0.9999999999998899,0.005841187098384145,0.005841203954415342,-0.005841187098382684,-0.005841203954481955,True,analytic_barrier_and_renewal_quadrature,0.0
P40_TRANSFER_CALIBRATED_GEN2,450.0,0.05,0.07509316036236147,EXPONENTIAL_CRN_1720_ENGINE1,F1_EMISSION_BLUNTING,1.0000000000000016,0.9999999999998899,0.0058412039544197825,0.0058412039544197825,-0.005841203954419774,-0.005841203954410901,True,finite_difference_transient_state_at_fixed_load,0.0
P40_TRANSFER_CALIBRATED_GEN2,475.0,0.05,0.07509316036236147,EXPONENTIAL_CRN_1720_ENGINE1,F0_INTRINSIC_OPENING,1.0000000000000207,1.0000000000021103,0.00011507045575661777,0.00011507253052656097,-0.0001150704557566154,-0.00011507253052656097,True,analytic_barrier_and_renewal_quadrature,0.0
P40_TRANSFER_CALIBRATED_GEN2,475.0,0.05,0.07509316036236147,EXPONENTIAL_CRN_1720_ENGINE1,F1_EMISSION_BLUNTING,0.999999999999999,0.9999999999976694,0.00011507253052656097,0.00011507253052656097,-0.00011507253052656108,-0.00011507253052656097,True,finite_difference_transient_state_at_fixed_load,0.0
P40_TRANSFER_CALIBRATED_GEN2,500.0,0.05,0.07509316036236147,EXPONENTIAL_CRN_1720_ENGINE1,F0_INTRINSIC_OPENING,1.0000000000000215,0.9999999999998899,5.5541766399482165e-08,5.554525728257431e-08,-5.554176639948097e-08,-5.554525728257431e-08,True,analytic_barrier_and_renewal_quadrature,0.0
P40_TRANSFER_CALIBRATED_GEN2,500.0,0.05,0.07509316036236147,EXPONENTIAL_CRN_1720_ENGINE1,F1_EMISSION_BLUNTING,0.9999999999999996,0.9999999999998899,5.5545252841682213e-08,5.5545252841682213e-08,-5.554525284168224e-08,-5.554525728257431e-08,True,finite_difference_transient_state_at_fixed_load,0.0
P40_TRANSFER_CALIBRATED_GEN2,525.0,0.05,0.07509316036236147,EXPONENTIAL_CRN_1720_ENGINE1,F0_INTRINSIC_OPENING,1.0000000000000209,0.9999999999998899,1.46550801747051e-13,1.4210854715202004e-13,-1.4655080174704794e-13,-1.4210854715202004e-13,True,analytic_barrier_and_renewal_quadrature,0.0
P40_TRANSFER_CALIBRATED_GEN2,525.0,0.05,0.07509316036236147,EXPONENTIAL_CRN_1720_ENGINE1,F1_EMISSION_BLUNTING,0.9999999999999991,0.9999999999998899,1.5543122344752192e-13,1.5543122344752192e-13,-1.5543122344752204e-13,-1.4210854715202004e-13,True,finite_difference_transient_state_at_fixed_load,0.0
P40_TRANSFER_CALIBRATED_GEN2,550.0,0.05,0.07509316036236147,EXPONENTIAL_CRN_1720_ENGINE1,F0_INTRINSIC_OPENING,1.00000000000002,0.9999999999998899,3.5880572078303726e-22,0.0,-3.588057207830301e-22,0.0,True,analytic_barrier_and_renewal_quadrature,0.0
P40_TRANSFER_CALIBRATED_GEN2,550.0,0.05,0.07509316036236147,EXPONENTIAL_CRN_1720_ENGINE1,F1_EMISSION_BLUNTING,0.9999999999999999,0.9999999999998899,0.0,0.0,-0.0,0.0,True,finite_difference_transient_state_at_fixed_load,2.220446049250313e-16
P40_TRANSFER_CALIBRATED_GEN2,575.0,0.05,0.07509316036236147,EXPONENTIAL_CRN_1720_ENGINE1,F0_INTRINSIC_OPENING,1.00000000000002,0.9999999999998899,1.0230956772122886e-34,0.0,-1.023095677212268e-34,0.0,True,analytic_barrier_and_renewal_quadrature,0.0
P40_TRANSFER_CALIBRATED_GEN2,575.0,0.05,0.07509316036236147,EXPONENTIAL_CRN_1720_ENGINE1,F1_EMISSION_BLUNTING,0.9999999999999999,0.9999999999998899,0.0,0.0,-0.0,0.0,True,finite_difference_transient_state_at_fixed_load,2.220446049250313e-16
P40_TRANSFER_CALIBRATED_GEN2,600.0,0.05,0.07509316036236147,EXPONENTIAL_CRN_1720_ENGINE1,F0_INTRINSIC_OPENING,1.00000000000002,0.9999999999998899,3.2401268540475566e-52,0.0,-3.2401268540474916e-52,0.0,True,analytic_barrier_and_renewal_quadrature,0.0
P40_TRANSFER_CALIBRATED_GEN2,600.0,0.05,0.07509316036236147,EXPONENTIAL_CRN_1720_ENGINE1,F1_EMISSION_BLUNTING,0.9999999999999999,0.9999999999998899,0.0,0.0,-0.0,0.0,True,finite_difference_transient_state_at_fixed_load,0.0
P40_TRANSFER_CALIBRATED_GEN2,625.0,0.05,0.07509316036236147,EXPONENTIAL_CRN_1720_ENGINE1,F0_INTRINSIC_OPENING,1.00000000000002,0.9999999999998899,8.582030427172468e-76,0.0,-8.582030427172296e-76,0.0,True,analytic_barrier_and_renewal_quadrature,0.0
P40_TRANSFER_CALIBRATED_GEN2,625.0,0.05,0.07509316036236147,EXPONENTIAL_CRN_1720_ENGINE1,F1_EMISSION_BLUNTING,0.9999999999999999,0.9999999999998899,0.0,0.0,-0.0,0.0,True,finite_difference_transient_state_at_fixed_load,0.0
P40_TRANSFER_CALIBRATED_GEN2,650.0,0.05,0.07509316036236147,EXPONENTIAL_CRN_1720_ENGINE1,F0_INTRINSIC_OPENING,1.00000000000002,0.9999999999998899,1.1834143564528353e-106,0.0,-1.1834143564528115e-106,0.0,True,analytic_barrier_and_renewal_quadrature,0.0
P40_TRANSFER_CALIBRATED_GEN2,650.0,0.05,0.07509316036236147,EXPONENTIAL_CRN_1720_ENGINE1,F1_EMISSION_BLUNTING,0.9999999999999999,0.9999999999998899,0.0,0.0,-0.0,0.0,True,finite_difference_transient_state_at_fixed_load,2.220446049250313e-16
P40_TRANSFER_CALIBRATED_GEN2,675.0,0.05,0.07509316036236147,EXPONENTIAL_CRN_1720_ENGINE1,F0_INTRINSIC_OPENING,1.00000000000002,0.9999999999998899,4.597905729836828e-146,0.0,-4.597905729836736e-146,0.0,True,analytic_barrier_and_renewal_quadrature,0.0
P40_TRANSFER_CALIBRATED_GEN2,675.0,0.05,0.07509316036236147,EXPONENTIAL_CRN_1720_ENGINE1,F1_EMISSION_BLUNTING,0.9999999999999999,0.9999999999976694,0.0,0.0,-0.0,0.0,True,finite_difference_transient_state_at_fixed_load,2.220446049250313e-16
P40_TRANSFER_CALIBRATED_GEN2,700.0,0.05,0.07509316036236147,EXPONENTIAL_CRN_1720_ENGINE1,F0_INTRINSIC_OPENING,1.00000000000002,0.9999999999998899,2.4946260061131887e-195,0.0,-2.494626006113139e-195,0.0,True,analytic_barrier_and_renewal_quadrature,0.0
P40_TRANSFER_CALIBRATED_GEN2,700.0,0.05,0.07509316036236147,EXPONENTIAL_CRN_1720_ENGINE1,F1_EMISSION_BLUNTING,1.0000000000000002,0.9999999999998899,0.0,0.0,-0.0,0.0,True,finite_difference_transient_state_at_fixed_load,0.0
P40_TRANSFER_CALIBRATED_GEN2,725.0,0.05,0.07509316036236147,EXPONENTIAL_CRN_1720_ENGINE1,F0_INTRINSIC_OPENING,1.00000000000002,0.9999999999998899,9.028516674476964e-256,0.0,-9.028516674476783e-256,0.0,True,analytic_barrier_and_renewal_quadrature,0.0
P40_TRANSFER_CALIBRATED_GEN2,725.0,0.05,0.07509316036236147,EXPONENTIAL_CRN_1720_ENGINE1,F1_EMISSION_BLUNTING,0.9999999999999999,0.9999999999998899,0.0,0.0,-0.0,0.0,True,finite_difference_transient_state_at_fixed_load,0.0
P40_TRANSFER_CALIBRATED_GEN2,750.0,0.05,0.07509316036236147,EXPONENTIAL_CRN_1720_ENGINE1,F0_INTRINSIC_OPENING,1.00000000000002,0.9999999999998899,0.0,0.0,-0.0,0.0,True,analytic_barrier_and_renewal_quadrature,0.0
P40_TRANSFER_CALIBRATED_GEN2,775.0,0.05,0.07509316036236147,EXPONENTIAL_CRN_1720_ENGINE1,F0_INTRINSIC_OPENING,1.00000000000002,0.9999999999998899,0.0,0.0,-0.0,0.0,True,analytic_barrier_and_renewal_quadrature,0.0
P40_TRANSFER_CALIBRATED_GEN2,800.0,0.05,0.07509316036236147,EXPONENTIAL_CRN_1720_ENGINE1,F0_INTRINSIC_OPENING,1.00000000000002,0.9999999999998899,0.0,0.0,-0.0,0.0,True,analytic_barrier_and_renewal_quadrature,0.0
P40_TRANSFER_CALIBRATED_GEN2,825.0,0.05,0.07509316036236147,EXPONENTIAL_CRN_1720_ENGINE1,F0_INTRINSIC_OPENING,1.00000000000002,0.9999999999998899,0.0,0.0,-0.0,0.0,True,analytic_barrier_and_renewal_quadrature,0.0
P40_TRANSFER_CALIBRATED_GEN2,850.0,0.05,0.07509316036236147,EXPONENTIAL_CRN_1720_ENGINE1,F0_INTRINSIC_OPENING,1.00000000000002,0.9999999999998899,0.0,0.0,-0.0,0.0,True,analytic_barrier_and_renewal_quadrature,0.0
P40_TRANSFER_CALIBRATED_GEN2,875.0,0.05,0.07509316036236147,EXPONENTIAL_CRN_1720_ENGINE1,F0_INTRINSIC_OPENING,1.00000000000002,0.9999999999998899,0.0,0.0,-0.0,0.0,True,analytic_barrier_and_renewal_quadrature,0.0
P40_TRANSFER_CALIBRATED_GEN2,900.0,0.05,0.07509316036236147,EXPONENTIAL_CRN_1720_ENGINE1,F0_INTRINSIC_OPENING,1.00000000000002,0.9999999999998899,0.0,0.0,-0.0,0.0,True,analytic_barrier_and_renewal_quadrature,0.0
P40_TRANSFER_CALIBRATED_GEN2,925.0,0.05,0.07509316036236147,EXPONENTIAL_CRN_1720_ENGINE1,F0_INTRINSIC_OPENING,1.00000000000002,0.9999999999998899,0.0,0.0,-0.0,0.0,True,analytic_barrier_and_renewal_quadrature,0.0
P40_TRANSFER_CALIBRATED_GEN2,950.0,0.05,0.07509316036236147,EXPONENTIAL_CRN_1720_ENGINE1,F0_INTRINSIC_OPENING,1.00000000000002,0.9999999999998899,0.0,0.0,-0.0,0.0,True,analytic_barrier_and_renewal_quadrature,0.0
P40_TRANSFER_CALIBRATED_GEN2,975.0,0.05,0.07509316036236147,EXPONENTIAL_CRN_1720_ENGINE1,F0_INTRINSIC_OPENING,1.00000000000002,0.9999999999998899,0.0,0.0,-0.0,0.0,True,analytic_barrier_and_renewal_quadrature,0.0
P40_TRANSFER_CALIBRATED_GEN2,1000.0,0.05,0.07509316036236147,EXPONENTIAL_CRN_1720_ENGINE1,F0_INTRINSIC_OPENING,1.00000000000002,0.9999999999998899,0.0,0.0,-0.0,0.0,True,analytic_barrier_and_renewal_quadrature,0.0
P40_TRANSFER_CALIBRATED_GEN2,1025.0,0.05,0.07509316036236147,EXPONENTIAL_CRN_1720_ENGINE1,F0_INTRINSIC_OPENING,1.00000000000002,0.9999999999998899,0.0,0.0,-0.0,0.0,True,analytic_barrier_and_renewal_quadrature,0.0
P40_TRANSFER_CALIBRATED_GEN2,1050.0,0.05,0.07509316036236147,EXPONENTIAL_CRN_1720_ENGINE1,F0_INTRINSIC_OPENING,1.00000000000002,0.9999999999998899,0.0,0.0,-0.0,0.0,True,analytic_barrier_and_renewal_quadrature,0.0
P40_TRANSFER_CALIBRATED_GEN2,1075.0,0.05,0.07509316036236147,EXPONENTIAL_CRN_1720_ENGINE1,F0_INTRINSIC_OPENING,1.00000000000002,0.9999999999998899,0.0,0.0,-0.0,0.0,True,analytic_barrier_and_renewal_quadrature,0.0
P40_TRANSFER_CALIBRATED_GEN2,1100.0,0.05,0.07509316036236147,EXPONENTIAL_CRN_1720_ENGINE1,F0_INTRINSIC_OPENING,1.00000000000002,0.9999999999998899,0.0,0.0,-0.0,0.0,True,analytic_barrier_and_renewal_quadrature,0.0
P40_TRANSFER_CALIBRATED_GEN2,1125.0,0.05,0.07509316036236147,EXPONENTIAL_CRN_1720_ENGINE1,F0_INTRINSIC_OPENING,1.00000000000002,0.9999999999998899,0.0,0.0,-0.0,0.0,True,analytic_barrier_and_renewal_quadrature,0.0
P40_TRANSFER_CALIBRATED_GEN2,1150.0,0.05,0.07509316036236147,EXPONENTIAL_CRN_1720_ENGINE1,F0_INTRINSIC_OPENING,1.00000000000002,0.9999999999998899,0.0,0.0,-0.0,0.0,True,analytic_barrier_and_renewal_quadrature,0.0
P40_TRANSFER_CALIBRATED_GEN2,1175.0,0.05,0.07509316036236147,EXPONENTIAL_CRN_1720_ENGINE1,F0_INTRINSIC_OPENING,1.00000000000002,0.9999999999998899,0.0,0.0,-0.0,0.0,True,analytic_barrier_and_renewal_quadrature,0.0
P40_TRANSFER_CALIBRATED_GEN2,1200.0,0.05,0.07509316036236147,EXPONENTIAL_CRN_1720_ENGINE1,F0_INTRINSIC_OPENING,1.00000000000002,0.9999999999998899,0.0,0.0,-0.0,0.0,True,analytic_barrier_and_renewal_quadrature,0.0
P55_TRANSFER_V1_RANK1,300.0,0.0005,0.07509316036236147,EXPONENTIAL_CRN_1720_ENGINE1,F0_INTRINSIC_OPENING,1.0000000744981596,1.0000000744980753,0.18393699456178805,0.18393699919171613,-0.18393698085882149,-0.18393698548726078,True,analytic_barrier_and_renewal_quadrature,0.0
P55_TRANSFER_V1_RANK1,300.0,0.0005,0.07509316036236147,EXPONENTIAL_CRN_1720_ENGINE1,F1_EMISSION_BLUNTING,1.0000000744982243,1.0000000744980753,0.18393699919172946,0.18393699919172946,-0.18393698548875065,-0.18393698548816673,True,finite_difference_transient_state_at_fixed_load,2.220446049250313e-16
P55_TRANSFER_V1_RANK1,325.0,0.0005,0.07509316036236147,EXPONENTIAL_CRN_1720_ENGINE1,F0_INTRINSIC_OPENING,1.000000000059289,1.000000000059842,0.1555231052082374,0.1555231077227992,-0.15552310519901658,-0.1555231077135666,True,analytic_barrier_and_renewal_quadrature,0.0
P55_TRANSFER_V1_RANK1,325.0,0.0005,0.07509316036236147,EXPONENTIAL_CRN_1720_ENGINE1,F1_EMISSION_BLUNTING,1.0000000000592892,1.000000000059842,0.15552310772281253,0.15552310772281253,-0.15552310771359168,-0.15552310771358435,True,finite_difference_transient_state_at_fixed_load,4.440892098500626e-16
P55_TRANSFER_V1_RANK1,350.0,0.0005,0.07509316036236147,EXPONENTIAL_CRN_1720_ENGINE1,F0_INTRINSIC_OPENING,1.0000000000001381,0.9999999999998899,0.13086902811306902,0.13086902843172155,-0.13086902811305096,-0.13086902843166826,True,analytic_barrier_and_renewal_quadrature,0.0
P55_TRANSFER_V1_RANK1,350.0,0.0005,0.07509316036236147,EXPONENTIAL_CRN_1720_ENGINE1,F1_EMISSION_BLUNTING,1.0000000000001334,0.9999999999998899,0.13086902843172155,0.13086902843172155,-0.1308690284317041,-0.1308690284317393,True,finite_difference_transient_state_at_fixed_load,0.0
P55_TRANSFER_V1_RANK1,375.0,0.0005,0.07509316036236147,EXPONENTIAL_CRN_1720_ENGINE1,F0_INTRINSIC_OPENING,0.9999999999999988,0.9999999999998899,0.10666895507679884,0.1066689530497289,-0.10666895507679897,-0.10666895304972002,True,analytic_barrier_and_renewal_quadrature,0.0
P55_TRANSFER_V1_RANK1,375.0,0.0005,0.07509316036236147,EXPONENTIAL_CRN_1720_ENGINE1,F1_EMISSION_BLUNTING,1.0,1.0000000000021103,0.10666895304973334,0.10666895304973334,-0.10666895304973334,-0.10666895304972002,True,finite_difference_transient_state_at_fixed_load,7.771561172376096e-16
P55_TRANSFER_V1_RANK1,400.0,0.0005,0.07509316036236147,EXPONENTIAL_CRN_1720_ENGINE1,F0_INTRINSIC_OPENING,0.9999999999999997,0.9999999999998899,0.07950685723813722,0.07950685362768883,-0.07950685723813725,-0.07950685362768439,True,analytic_barrier_and_renewal_quadrature,0.0
P55_TRANSFER_V1_RANK1,400.0,0.0005,0.07509316036236147,EXPONENTIAL_CRN_1720_ENGINE1,F1_EMISSION_BLUNTING,0.9999999999999989,0.9999999999998899,0.07950685362768439,0.07950685362768439,-0.07950685362768448,-0.07950685362768439,True,finite_difference_transient_state_at_fixed_load,0.0
P55_TRANSFER_V1_RANK1,425.0,0.0005,0.07509316036236147,EXPONENTIAL_CRN_1720_ENGINE1,F0_INTRINSIC_OPENING,0.9999999999999968,0.9999999999998899,0.047469315504002046,0.04746931494298501,-0.0474693155040022,-0.04746931494295836,True,analytic_barrier_and_renewal_quadrature,0.0
P55_TRANSFER_V1_RANK1,425.0,0.0005,0.07509316036236147,EXPONENTIAL_CRN_1720_ENGINE1,F1_EMISSION_BLUNTING,1.0000000000000004,0.9999999999998899,0.04746931494298057,0.04746931494298057,-0.047469314942980546,-0.04746931494299389,True,finite_difference_transient_state_at_fixed_load,7.771561172376096e-16
P55_TRANSFER_V1_RANK1,450.0,0.0005,0.07509316036236147,EXPONENTIAL_CRN_1720_ENGINE1,F0_INTRINSIC_OPENING,1.0000000000000004,0.9999999999998899,0.016069804037405582,0.016069816623325295,-0.016069804037405575,-0.01606981662334306,True,analytic_barrier_and_renewal_quadrature,0.0
P55_TRANSFER_V1_RANK1,450.0,0.0005,0.07509316036236147,EXPONENTIAL_CRN_1720_ENGINE1,F1_EMISSION_BLUNTING,0.9999999999999997,0.9999999999998899,0.016069816623316413,0.016069816623316413,-0.01606981662331642,-0.01606981662330753,True,finite_difference_transient_state_at_fixed_load,0.0
P55_TRANSFER_V1_RANK1,475.0,0.0005,0.07509316036236147,EXPONENTIAL_CRN_1720_ENGINE1,F0_INTRINSIC_OPENING,1.0000000000000309,0.9999999999998899,0.0013051553926425451,0.001305164659721747,-0.0013051553926425048,-0.001305164659726188,True,analytic_barrier_and_renewal_quadrature,0.0
P55_TRANSFER_V1_RANK1,475.0,0.0005,0.07509316036236147,EXPONENTIAL_CRN_1720_ENGINE1,F1_EMISSION_BLUNTING,1.0000000000000007,0.9999999999998899,0.0013051646597306288,0.0013051646597306288,-0.001305164659730628,-0.001305164659726188,True,finite_difference_transient_state_at_fixed_load,0.0
P55_TRANSFER_V1_RANK1,500.0,0.0005,0.07509316036236147,EXPONENTIAL_CRN_1720_ENGINE1,F0_INTRINSIC_OPENING,1.00000000000002,0.9999999999998899,6.6300596164384635e-06,6.630265123597212e-06,-6.630059616438331e-06,-6.630265154683457e-06,True,analytic_barrier_and_renewal_quadrature,0.0
P55_TRANSFER_V1_RANK1,500.0,0.0005,0.07509316036236147,EXPONENTIAL_CRN_1720_ENGINE1,F1_EMISSION_BLUNTING,1.0000000000000002,0.9999999999998899,6.630265128038104e-06,6.630265128038104e-06,-6.6302651280381025e-06,-6.63026511915632e-06,True,finite_difference_transient_state_at_fixed_load,0.0
P55_TRANSFER_V1_RANK1,525.0,0.0005,0.07509316036236147,EXPONENTIAL_CRN_1720_ENGINE1,F0_INTRINSIC_OPENING,1.000000000000021,0.9999999999976694,5.543227716043015e-10,5.543743242242272e-10,-5.543227716042899e-10,-5.543654424400302e-10,True,analytic_barrier_and_renewal_quadrature,0.0
P55_TRANSFER_V1_RANK1,525.0,0.0005,0.07509316036236147,EXPONENTIAL_CRN_1720_ENGINE1,F1_EMISSION_BLUNTING,0.9999999999999994,0.9999999999998899,5.543654424400302e-10,5.543654424400302e-10,-5.543654424400305e-10,-5.543654424400302e-10,True,finite_difference_transient_state_at_fixed_load,0.0
P55_TRANSFER_V1_RANK1,550.0,0.0005,0.07509316036236147,EXPONENTIAL_CRN_1720_ENGINE1,F0_INTRINSIC_OPENING,1.000000000000021,0.9999999999998899,1.753705432693479e-16,0.0,-1.753705432693442e-16,0.0,True,analytic_barrier_and_renewal_quadrature,0.0
P55_TRANSFER_V1_RANK1,550.0,0.0005,0.07509316036236147,EXPONENTIAL_CRN_1720_ENGINE1,F1_EMISSION_BLUNTING,0.9999999999999992,0.9999999999998899,0.0,0.0,-0.0,0.0,True,finite_difference_transient_state_at_fixed_load,0.0
P55_TRANSFER_V1_RANK1,575.0,0.0005,0.07509316036236147,EXPONENTIAL_CRN_1720_ENGINE1,F0_INTRINSIC_OPENING,1.0000000000000213,0.9999999999998899,3.6787131515945865e-26,0.0,-3.678713151594508e-26,0.0,True,analytic_barrier_and_renewal_quadrature,0.0
P55_TRANSFER_V1_RANK1,575.0,0.0005,0.07509316036236147,EXPONENTIAL_CRN_1720_ENGINE1,F1_EMISSION_BLUNTING,0.9999999999999991,0.9999999999998899,0.0,0.0,-0.0,0.0,True,finite_difference_transient_state_at_fixed_load,4.440892098500626e-16
P55_TRANSFER_V1_RANK1,600.0,0.0005,0.07509316036236147,EXPONENTIAL_CRN_1720_ENGINE1,F0_INTRINSIC_OPENING,1.0000000000000213,0.9999999999998899,6.9005275272919115e-40,0.0,-6.900527527291765e-40,0.0,True,analytic_barrier_and_renewal_quadrature,0.0
P55_TRANSFER_V1_RANK1,600.0,0.0005,0.07509316036236147,EXPONENTIAL_CRN_1720_ENGINE1,F1_EMISSION_BLUNTING,0.9999999999999994,0.9999999999998899,0.0,0.0,-0.0,0.0,True,finite_difference_transient_state_at_fixed_load,0.0
P55_TRANSFER_V1_RANK1,625.0,0.0005,0.07509316036236147,EXPONENTIAL_CRN_1720_ENGINE1,F0_INTRINSIC_OPENING,1.0000000000000213,0.9999999999998899,1.2353551236062716e-58,0.0,-1.2353551236062452e-58,0.0,True,analytic_barrier_and_renewal_quadrature,0.0
P55_TRANSFER_V1_RANK1,625.0,0.0005,0.07509316036236147,EXPONENTIAL_CRN_1720_ENGINE1,F1_EMISSION_BLUNTING,0.9999999999999994,0.9999999999998899,0.0,0.0,-0.0,0.0,True,finite_difference_transient_state_at_fixed_load,3.3306690738754696e-16
P55_TRANSFER_V1_RANK1,650.0,0.0005,0.07509316036236147,EXPONENTIAL_CRN_1720_ENGINE1,F0_INTRINSIC_OPENING,1.0000000000000213,0.9999999999998899,1.8478568191339025e-83,0.0,-1.847856819133863e-83,0.0,True,analytic_barrier_and_renewal_quadrature,0.0
P55_TRANSFER_V1_RANK1,650.0,0.0005,0.07509316036236147,EXPONENTIAL_CRN_1720_ENGINE1,F1_EMISSION_BLUNTING,0.9999999999999994,0.9999999999998899,0.0,0.0,-0.0,0.0,True,finite_difference_transient_state_at_fixed_load,0.0
P55_TRANSFER_V1_RANK1,675.0,0.0005,0.07509316036236147,EXPONENTIAL_CRN_1720_ENGINE1,F0_INTRINSIC_OPENING,1.0000000000000213,0.9999999999998899,1.7286318647442925e-115,0.0,-1.7286318647442557e-115,0.0,True,analytic_barrier_and_renewal_quadrature,0.0
P55_TRANSFER_V1_RANK1,675.0,0.0005,0.07509316036236147,EXPONENTIAL_CRN_1720_ENGINE1,F1_EMISSION_BLUNTING,0.9999999999999994,0.9999999999998899,0.0,0.0,-0.0,0.0,True,finite_difference_transient_state_at_fixed_load,3.3306690738754696e-16
P55_TRANSFER_V1_RANK1,700.0,0.0005,0.07509316036236147,EXPONENTIAL_CRN_1720_ENGINE1,F0_INTRINSIC_OPENING,1.0000000000000213,0.9999999999998899,6.765584567157237e-156,0.0,-6.765584567157093e-156,0.0,True,analytic_barrier_and_renewal_quadrature,0.0
P55_TRANSFER_V1_RANK1,700.0,0.0005,0.07509316036236147,EXPONENTIAL_CRN_1720_ENGINE1,F1_EMISSION_BLUNTING,0.9999999999999994,0.9999999999998899,0.0,0.0,-0.0,0.0,True,finite_difference_transient_state_at_fixed_load,0.0
P55_TRANSFER_V1_RANK1,725.0,0.0005,0.07509316036236147,EXPONENTIAL_CRN_1720_ENGINE1,F0_INTRINSIC_OPENING,1.0000000000000213,0.9999999999998899,6.929486244514879e-206,0.0,-6.929486244514732e-206,0.0,True,analytic_barrier_and_renewal_quadrature,0.0
P55_TRANSFER_V1_RANK1,725.0,0.0005,0.07509316036236147,EXPONENTIAL_CRN_1720_ENGINE1,F1_EMISSION_BLUNTING,0.9999999999999991,0.9999999999998899,0.0,0.0,-0.0,0.0,True,finite_difference_transient_state_at_fixed_load,4.440892098500626e-16
P55_TRANSFER_V1_RANK1,750.0,0.0005,0.07509316036236147,EXPONENTIAL_CRN_1720_ENGINE1,F0_INTRINSIC_OPENING,1.0000000000000213,0.9999999999998899,1.1350850907424513e-266,0.0,-1.135085090742427e-266,0.0,True,analytic_barrier_and_renewal_quadrature,0.0
P55_TRANSFER_V1_RANK1,750.0,0.0005,0.07509316036236147,EXPONENTIAL_CRN_1720_ENGINE1,F1_EMISSION_BLUNTING,0.9999999999999994,0.9999999999998899,0.0,0.0,-0.0,0.0,True,finite_difference_transient_state_at_fixed_load,0.0
P55_TRANSFER_V1_RANK1,775.0,0.0005,0.07509316036236147,EXPONENTIAL_CRN_1720_ENGINE1,F0_INTRINSIC_OPENING,1.0000000000000213,0.9999999999998899,0.0,0.0,-0.0,0.0,True,analytic_barrier_and_renewal_quadrature,0.0
P55_TRANSFER_V1_RANK1,775.0,0.0005,0.07509316036236147,EXPONENTIAL_CRN_1720_ENGINE1,F1_EMISSION_BLUNTING,0.9999999999999994,0.9999999999998899,0.0,0.0,-0.0,0.0,True,finite_difference_transient_state_at_fixed_load,0.0
P55_TRANSFER_V1_RANK1,800.0,0.0005,0.07509316036236147,EXPONENTIAL_CRN_1720_ENGINE1,F0_INTRINSIC_OPENING,1.0000000000000213,0.9999999999998899,0.0,0.0,-0.0,0.0,True,analytic_barrier_and_renewal_quadrature,0.0
P55_TRANSFER_V1_RANK1,825.0,0.0005,0.07509316036236147,EXPONENTIAL_CRN_1720_ENGINE1,F0_INTRINSIC_OPENING,1.0000000000000213,0.9999999999998899,0.0,0.0,-0.0,0.0,True,analytic_barrier_and_renewal_quadrature,0.0
P55_TRANSFER_V1_RANK1,825.0,0.0005,0.07509316036236147,EXPONENTIAL_CRN_1720_ENGINE1,F1_EMISSION_BLUNTING,0.9999999999999994,0.9999999999998899,0.0,0.0,-0.0,0.0,True,finite_difference_transient_state_at_fixed_load,0.0
P55_TRANSFER_V1_RANK1,850.0,0.0005,0.07509316036236147,EXPONENTIAL_CRN_1720_ENGINE1,F0_INTRINSIC_OPENING,1.0000000000000213,0.9999999999998899,0.0,0.0,-0.0,0.0,True,analytic_barrier_and_renewal_quadrature,0.0
P55_TRANSFER_V1_RANK1,875.0,0.0005,0.07509316036236147,EXPONENTIAL_CRN_1720_ENGINE1,F0_INTRINSIC_OPENING,1.0000000000000213,0.9999999999998899,0.0,0.0,-0.0,0.0,True,analytic_barrier_and_renewal_quadrature,0.0
P55_TRANSFER_V1_RANK1,900.0,0.0005,0.07509316036236147,EXPONENTIAL_CRN_1720_ENGINE1,F0_INTRINSIC_OPENING,1.0000000000000213,0.9999999999998899,0.0,0.0,-0.0,0.0,True,analytic_barrier_and_renewal_quadrature,0.0
P55_TRANSFER_V1_RANK1,900.0,0.0005,0.07509316036236147,EXPONENTIAL_CRN_1720_ENGINE1,F1_EMISSION_BLUNTING,0.9999999999999994,0.9999999999998899,0.0,0.0,-0.0,0.0,True,finite_difference_transient_state_at_fixed_load,0.0
P55_TRANSFER_V1_RANK1,925.0,0.0005,0.07509316036236147,EXPONENTIAL_CRN_1720_ENGINE1,F0_INTRINSIC_OPENING,1.0000000000000213,0.9999999999998899,0.0,0.0,-0.0,0.0,True,analytic_barrier_and_renewal_quadrature,0.0
P55_TRANSFER_V1_RANK1,925.0,0.0005,0.07509316036236147,EXPONENTIAL_CRN_1720_ENGINE1,F1_EMISSION_BLUNTING,0.9999999999999991,0.9999999999998899,0.0,0.0,-0.0,0.0,True,finite_difference_transient_state_at_fixed_load,4.440892098500626e-16
P55_TRANSFER_V1_RANK1,950.0,0.0005,0.07509316036236147,EXPONENTIAL_CRN_1720_ENGINE1,F0_INTRINSIC_OPENING,1.0000000000000213,0.9999999999998899,0.0,0.0,-0.0,0.0,True,analytic_barrier_and_renewal_quadrature,0.0
P55_TRANSFER_V1_RANK1,975.0,0.0005,0.07509316036236147,EXPONENTIAL_CRN_1720_ENGINE1,F0_INTRINSIC_OPENING,1.0000000000000213,0.9999999999998899,0.0,0.0,-0.0,0.0,True,analytic_barrier_and_renewal_quadrature,0.0
P55_TRANSFER_V1_RANK1,1000.0,0.0005,0.07509316036236147,EXPONENTIAL_CRN_1720_ENGINE1,F0_INTRINSIC_OPENING,1.0000000000000213,0.9999999999998899,0.0,0.0,-0.0,0.0,True,analytic_barrier_and_renewal_quadrature,0.0
P55_TRANSFER_V1_RANK1,1025.0,0.0005,0.07509316036236147,EXPONENTIAL_CRN_1720_ENGINE1,F0_INTRINSIC_OPENING,1.0000000000000213,0.9999999999998899,0.0,0.0,-0.0,0.0,True,analytic_barrier_and_renewal_quadrature,0.0
P55_TRANSFER_V1_RANK1,1025.0,0.0005,0.07509316036236147,EXPONENTIAL_CRN_1720_ENGINE1,F1_EMISSION_BLUNTING,0.9999999999999994,1.0000000000021103,0.0,0.0,-0.0,0.0,True,finite_difference_transient_state_at_fixed_load,3.3306690738754696e-16
P55_TRANSFER_V1_RANK1,1050.0,0.0005,0.07509316036236147,EXPONENTIAL_CRN_1720_ENGINE1,F0_INTRINSIC_OPENING,1.0000000000000213,0.9999999999998899,0.0,0.0,-0.0,0.0,True,analytic_barrier_and_renewal_quadrature,0.0
P55_TRANSFER_V1_RANK1,1075.0,0.0005,0.07509316036236147,EXPONENTIAL_CRN_1720_ENGINE1,F0_INTRINSIC_OPENING,1.0000000000000213,0.9999999999998899,0.0,0.0,-0.0,0.0,True,analytic_barrier_and_renewal_quadrature,0.0
P55_TRANSFER_V1_RANK1,1100.0,0.0005,0.07509316036236147,EXPONENTIAL_CRN_1720_ENGINE1,F0_INTRINSIC_OPENING,1.0000000000000213,0.9999999999998899,0.0,0.0,-0.0,0.0,True,analytic_barrier_and_renewal_quadrature,0.0
P55_TRANSFER_V1_RANK1,1125.0,0.0005,0.07509316036236147,EXPONENTIAL_CRN_1720_ENGINE1,F0_INTRINSIC_OPENING,1.0000000000000213,0.9999999999998899,0.0,0.0,-0.0,0.0,True,analytic_barrier_and_renewal_quadrature,0.0
P55_TRANSFER_V1_RANK1,1150.0,0.0005,0.07509316036236147,EXPONENTIAL_CRN_1720_ENGINE1,F0_INTRINSIC_OPENING,1.0000000000000213,0.9999999999998899,0.0,0.0,-0.0,0.0,True,analytic_barrier_and_renewal_quadrature,0.0
P55_TRANSFER_V1_RANK1,1150.0,0.0005,0.07509316036236147,EXPONENTIAL_CRN_1720_ENGINE1,F1_EMISSION_BLUNTING,0.9999999999999994,0.9999999999998899,0.0,0.0,-0.0,0.0,True,finite_difference_transient_state_at_fixed_load,0.0
P55_TRANSFER_V1_RANK1,1175.0,0.0005,0.07509316036236147,EXPONENTIAL_CRN_1720_ENGINE1,F0_INTRINSIC_OPENING,1.0000000000000213,0.9999999999998899,0.0,0.0,-0.0,0.0,True,analytic_barrier_and_renewal_quadrature,0.0
P55_TRANSFER_V1_RANK1,1200.0,0.0005,0.07509316036236147,EXPONENTIAL_CRN_1720_ENGINE1,F0_INTRINSIC_OPENING,1.0000000000000213,0.9999999999998899,0.0,0.0,-0.0,0.0,True,analytic_barrier_and_renewal_quadrature,0.0
P55_TRANSFER_V1_RANK1,300.0,0.005,0.07509316036236147,EXPONENTIAL_CRN_1720_ENGINE1,F0_INTRINSIC_OPENING,1.0000034483107918,1.0000034482993136,0.18393698750318793,0.18393699213312686,-0.18393635323347607,-0.18393635783515272,True,analytic_barrier_and_renewal_quadrature,0.0
P55_TRANSFER_V1_RANK1,300.0,0.005,0.07509316036236147,EXPONENTIAL_CRN_1720_ENGINE1,F1_EMISSION_BLUNTING,1.000003448310822,1.0000034483126363,0.18393699213312242,0.18393699213312242,-0.18393635786338905,-0.183936357836334,True,finite_difference_transient_state_at_fixed_load,2.220446049250313e-16
P55_TRANSFER_V1_RANK1,325.0,0.005,0.07509316036236147,EXPONENTIAL_CRN_1720_ENGINE1,F0_INTRINSIC_OPENING,1.000000002744117,1.0000000027443612,0.15552310520241586,0.15552310771698163,-0.15552310477564227,-0.1555231072901897,True,analytic_barrier_and_renewal_quadrature,0.0
P55_TRANSFER_V1_RANK1,325.0,0.005,0.07509316036236147,EXPONENTIAL_CRN_1720_ENGINE1,F1_EMISSION_BLUNTING,1.0000000027441174,1.0000000027443612,0.15552310771698608,0.15552310771698608,-0.1555231072902124,-0.15552310729020746,True,finite_difference_transient_state_at_fixed_load,2.220446049250313e-16
P55_TRANSFER_V1_RANK1,350.0,0.005,0.07509316036236147,EXPONENTIAL_CRN_1720_ENGINE1,F0_INTRINSIC_OPENING,1.0000000000064442,1.0000000000087717,0.1308690281130521,0.13086902843170378,-0.13086902811220874,-0.13086902843083337,True,analytic_barrier_and_renewal_quadrature,0.0
P55_TRANSFER_V1_RANK1,350.0,0.005,0.07509316036236147,EXPONENTIAL_CRN_1720_ENGINE1,F1_EMISSION_BLUNTING,1.0000000000061189,1.0000000000043308,0.13086902843171266,0.13086902843171266,-0.1308690284309119,-0.13086902843170378,True,finite_difference_transient_state_at_fixed_load,2.6645352591003757e-15
P55_TRANSFER_V1_RANK1,375.0,0.005,0.07509316036236147,EXPONENTIAL_CRN_1720_ENGINE1,F0_INTRINSIC_OPENING,1.0000000000000406,0.9999999999998899,0.10666895507679874,0.10666895304974666,-0.10666895507679441,-0.10666895304972002,True,analytic_barrier_and_renewal_quadrature,0.0
P55_TRANSFER_V1_RANK1,375.0,0.005,0.07509316036236147,EXPONENTIAL_CRN_1720_ENGINE1,F1_EMISSION_BLUNTING,1.0000000000000395,0.9999999999998899,0.10666895304974666,0.10666895304974666,-0.10666895304974244,-0.10666895304975554,True,finite_difference_transient_state_at_fixed_load,0.0
P55_TRANSFER_V1_RANK1,400.0,0.005,0.07509316036236147,EXPONENTIAL_CRN_1720_ENGINE1,F0_INTRINSIC_OPENING,1.0000000000000007,0.9999999999998899,0.07950685723813729,0.07950685362768439,-0.07950685723813723,-0.07950685362768439,True,analytic_barrier_and_renewal_quadrature,0.0
P55_TRANSFER_V1_RANK1,400.0,0.005,0.07509316036236147,EXPONENTIAL_CRN_1720_ENGINE1,F1_EMISSION_BLUNTING,0.9999999999999997,0.9999999999998899,0.07950685362768883,0.07950685362768883,-0.07950685362768886,-0.07950685362768439,True,finite_difference_transient_state_at_fixed_load,0.0
P55_TRANSFER_V1_RANK1,425.0,0.005,0.07509316036236147,EXPONENTIAL_CRN_1720_ENGINE1,F0_INTRINSIC_OPENING,0.9999999999999942,0.9999999999998899,0.04746931550400193,0.04746931494298945,-0.0474693155040022,-0.04746931494299389,True,analytic_barrier_and_renewal_quadrature,0.0
P55_TRANSFER_V1_RANK1,425.0,0.005,0.07509316036236147,EXPONENTIAL_CRN_1720_ENGINE1,F1_EMISSION_BLUNTING,1.0000000000000002,0.9999999999998899,0.04746931494298057,0.04746931494298057,-0.04746931494298055,-0.04746931494295836,True,finite_difference_transient_state_at_fixed_load,8.881784197001252e-16
P55_TRANSFER_V1_RANK1,450.0,0.005,0.07509316036236147,EXPONENTIAL_CRN_1720_ENGINE1,F0_INTRINSIC_OPENING,1.0000000000000016,0.9999999999998899,0.016069804037405603,0.016069816623325295,-0.01606980403740558,-0.01606981662330753,True,analytic_barrier_and_renewal_quadrature,0.0
P55_TRANSFER_V1_RANK1,450.0,0.005,0.07509316036236147,EXPONENTIAL_CRN_1720_ENGINE1,F1_EMISSION_BLUNTING,1.0000000000000002,0.9999999999998899,0.016069816623334177,0.016069816623334177,-0.016069816623334173,-0.01606981662330753,True,finite_difference_transient_state_at_fixed_load,0.0
P55_TRANSFER_V1_RANK1,475.0,0.005,0.07509316036236147,EXPONENTIAL_CRN_1720_ENGINE1,F0_INTRINSIC_OPENING,1.000000000000032,1.0000000000021103,0.0013051553926425464,0.001305164659721747,-0.0013051553926425048,-0.001305164659726188,True,analytic_barrier_and_renewal_quadrature,0.0
P55_TRANSFER_V1_RANK1,475.0,0.005,0.07509316036236147,EXPONENTIAL_CRN_1720_ENGINE1,F1_EMISSION_BLUNTING,1.0000000000000004,0.9999999999998899,0.0013051646597128652,0.0013051646597128652,-0.0013051646597128646,-0.001305164659726188,True,finite_difference_transient_state_at_fixed_load,0.0
P55_TRANSFER_V1_RANK1,500.0,0.005,0.07509316036236147,EXPONENTIAL_CRN_1720_ENGINE1,F0_INTRINSIC_OPENING,1.0000000000000213,0.9999999999998899,6.630059616438469e-06,6.630265123597212e-06,-6.630059616438327e-06,-6.63026511915632e-06,True,analytic_barrier_and_renewal_quadrature,0.0
P55_TRANSFER_V1_RANK1,500.0,0.005,0.07509316036236147,EXPONENTIAL_CRN_1720_ENGINE1,F1_EMISSION_BLUNTING,0.9999999999999992,0.9999999999998899,6.63026511915632e-06,6.63026511915632e-06,-6.630265119156325e-06,-6.63026511915632e-06,True,finite_difference_transient_state_at_fixed_load,0.0
P55_TRANSFER_V1_RANK1,525.0,0.005,0.07509316036236147,EXPONENTIAL_CRN_1720_ENGINE1,F0_INTRINSIC_OPENING,1.0000000000000224,0.9999999999998899,5.543227716043023e-10,5.543698833321287e-10,-5.543227716042899e-10,-5.543654424400302e-10,True,analytic_barrier_and_renewal_quadrature,0.0
P55_TRANSFER_V1_RANK1,525.0,0.005,0.07509316036236147,EXPONENTIAL_CRN_1720_ENGINE1,F1_EMISSION_BLUNTING,1.0000000000000002,0.9999999999998899,5.543654424400302e-10,5.543654424400302e-10,-5.543654424400301e-10,-5.543654424400302e-10,True,finite_difference_transient_state_at_fixed_load,0.0
P55_TRANSFER_V1_RANK1,550.0,0.005,0.07509316036236147,EXPONENTIAL_CRN_1720_ENGINE1,F0_INTRINSIC_OPENING,1.0000000000000222,0.9999999999998899,1.7537054326934806e-16,0.0,-1.7537054326934417e-16,0.0,True,analytic_barrier_and_renewal_quadrature,0.0
P55_TRANSFER_V1_RANK1,550.0,0.005,0.07509316036236147,EXPONENTIAL_CRN_1720_ENGINE1,F1_EMISSION_BLUNTING,1.0000000000000002,0.9999999999998899,0.0,0.0,-0.0,0.0,True,finite_difference_transient_state_at_fixed_load,0.0
P55_TRANSFER_V1_RANK1,575.0,0.005,0.07509316036236147,EXPONENTIAL_CRN_1720_ENGINE1,F0_INTRINSIC_OPENING,1.0000000000000224,0.9999999999998899,3.6787131515945906e-26,0.0,-3.678713151594508e-26,0.0,True,analytic_barrier_and_renewal_quadrature,0.0
P55_TRANSFER_V1_RANK1,575.0,0.005,0.07509316036236147,EXPONENTIAL_CRN_1720_ENGINE1,F1_EMISSION_BLUNTING,1.0,0.9999999999998899,0.0,0.0,-0.0,0.0,True,finite_difference_transient_state_at_fixed_load,2.220446049250313e-16
P55_TRANSFER_V1_RANK1,600.0,0.005,0.07509316036236147,EXPONENTIAL_CRN_1720_ENGINE1,F0_INTRINSIC_OPENING,1.0000000000000224,0.9999999999998899,6.900527527291919e-40,0.0,-6.900527527291764e-40,0.0,True,analytic_barrier_and_renewal_quadrature,0.0
P55_TRANSFER_V1_RANK1,600.0,0.005,0.07509316036236147,EXPONENTIAL_CRN_1720_ENGINE1,F1_EMISSION_BLUNTING,1.0000000000000002,0.9999999999998899,0.0,0.0,-0.0,0.0,True,finite_difference_transient_state_at_fixed_load,0.0
P55_TRANSFER_V1_RANK1,625.0,0.005,0.07509316036236147,EXPONENTIAL_CRN_1720_ENGINE1,F0_INTRINSIC_OPENING,1.0000000000000224,0.9999999999998899,1.2353551236062728e-58,0.0,-1.235355123606245e-58,0.0,True,analytic_barrier_and_renewal_quadrature,0.0
P55_TRANSFER_V1_RANK1,625.0,0.005,0.07509316036236147,EXPONENTIAL_CRN_1720_ENGINE1,F1_EMISSION_BLUNTING,1.0,0.9999999999998899,0.0,0.0,-0.0,0.0,True,finite_difference_transient_state_at_fixed_load,0.0
P55_TRANSFER_V1_RANK1,650.0,0.005,0.07509316036236147,EXPONENTIAL_CRN_1720_ENGINE1,F0_INTRINSIC_OPENING,1.0000000000000224,0.9999999999998899,1.8478568191339047e-83,0.0,-1.8478568191338634e-83,0.0,True,analytic_barrier_and_renewal_quadrature,0.0
P55_TRANSFER_V1_RANK1,650.0,0.005,0.07509316036236147,EXPONENTIAL_CRN_1720_ENGINE1,F1_EMISSION_BLUNTING,1.0,0.9999999999998899,0.0,0.0,-0.0,0.0,True,finite_difference_transient_state_at_fixed_load,0.0
P55_TRANSFER_V1_RANK1,675.0,0.005,0.07509316036236147,EXPONENTIAL_CRN_1720_ENGINE1,F0_INTRINSIC_OPENING,1.0000000000000224,0.9999999999998899,1.7286318647442943e-115,0.0,-1.7286318647442555e-115,0.0,True,analytic_barrier_and_renewal_quadrature,0.0
P55_TRANSFER_V1_RANK1,675.0,0.005,0.07509316036236147,EXPONENTIAL_CRN_1720_ENGINE1,F1_EMISSION_BLUNTING,1.0000000000000002,0.9999999999998899,0.0,0.0,-0.0,0.0,True,finite_difference_transient_state_at_fixed_load,2.220446049250313e-16
P55_TRANSFER_V1_RANK1,700.0,0.005,0.07509316036236147,EXPONENTIAL_CRN_1720_ENGINE1,F0_INTRINSIC_OPENING,1.0000000000000224,0.9999999999998899,6.765584567157245e-156,0.0,-6.765584567157092e-156,0.0,True,analytic_barrier_and_renewal_quadrature,0.0
P55_TRANSFER_V1_RANK1,700.0,0.005,0.07509316036236147,EXPONENTIAL_CRN_1720_ENGINE1,F1_EMISSION_BLUNTING,1.0,0.9999999999998899,0.0,0.0,-0.0,0.0,True,finite_difference_transient_state_at_fixed_load,2.220446049250313e-16
P55_TRANSFER_V1_RANK1,725.0,0.005,0.07509316036236147,EXPONENTIAL_CRN_1720_ENGINE1,F0_INTRINSIC_OPENING,1.0000000000000224,0.9999999999998899,6.929486244514887e-206,0.0,-6.929486244514732e-206,0.0,True,analytic_barrier_and_renewal_quadrature,0.0
P55_TRANSFER_V1_RANK1,725.0,0.005,0.07509316036236147,EXPONENTIAL_CRN_1720_ENGINE1,F1_EMISSION_BLUNTING,1.0,0.9999999999998899,0.0,0.0,-0.0,0.0,True,finite_difference_transient_state_at_fixed_load,2.220446049250313e-16
P55_TRANSFER_V1_RANK1,750.0,0.005,0.07509316036236147,EXPONENTIAL_CRN_1720_ENGINE1,F0_INTRINSIC_OPENING,1.0000000000000224,0.9999999999998899,1.1350850907424525e-266,0.0,-1.135085090742427e-266,0.0,True,analytic_barrier_and_renewal_quadrature,0.0
P55_TRANSFER_V1_RANK1,750.0,0.005,0.07509316036236147,EXPONENTIAL_CRN_1720_ENGINE1,F1_EMISSION_BLUNTING,1.0000000000000002,0.9999999999998899,0.0,0.0,-0.0,0.0,True,finite_difference_transient_state_at_fixed_load,0.0
P55_TRANSFER_V1_RANK1,775.0,0.005,0.07509316036236147,EXPONENTIAL_CRN_1720_ENGINE1,F0_INTRINSIC_OPENING,1.0000000000000224,0.9999999999998899,0.0,0.0,-0.0,0.0,True,analytic_barrier_and_renewal_quadrature,0.0
P55_TRANSFER_V1_RANK1,775.0,0.005,0.07509316036236147,EXPONENTIAL_CRN_1720_ENGINE1,F1_EMISSION_BLUNTING,1.0,0.9999999999998899,0.0,0.0,-0.0,0.0,True,finite_difference_transient_state_at_fixed_load,2.220446049250313e-16
P55_TRANSFER_V1_RANK1,800.0,0.005,0.07509316036236147,EXPONENTIAL_CRN_1720_ENGINE1,F0_INTRINSIC_OPENING,1.0000000000000224,0.9999999999998899,0.0,0.0,-0.0,0.0,True,analytic_barrier_and_renewal_quadrature,0.0
P55_TRANSFER_V1_RANK1,800.0,0.005,0.07509316036236147,EXPONENTIAL_CRN_1720_ENGINE1,F1_EMISSION_BLUNTING,1.0000000000000002,0.9999999999998899,0.0,0.0,-0.0,0.0,True,finite_difference_transient_state_at_fixed_load,0.0
P55_TRANSFER_V1_RANK1,825.0,0.005,0.07509316036236147,EXPONENTIAL_CRN_1720_ENGINE1,F0_INTRINSIC_OPENING,1.0000000000000224,0.9999999999998899,0.0,0.0,-0.0,0.0,True,analytic_barrier_and_renewal_quadrature,0.0
P55_TRANSFER_V1_RANK1,850.0,0.005,0.07509316036236147,EXPONENTIAL_CRN_1720_ENGINE1,F0_INTRINSIC_OPENING,1.0000000000000224,0.9999999999998899,0.0,0.0,-0.0,0.0,True,analytic_barrier_and_renewal_quadrature,0.0
P55_TRANSFER_V1_RANK1,850.0,0.005,0.07509316036236147,EXPONENTIAL_CRN_1720_ENGINE1,F1_EMISSION_BLUNTING,1.0000000000000002,0.9999999999998899,-4.440892098500626e-15,-4.440892098500626e-15,4.440892098500625e-15,0.0,True,finite_difference_transient_state_at_fixed_load,0.0
P55_TRANSFER_V1_RANK1,875.0,0.005,0.07509316036236147,EXPONENTIAL_CRN_1720_ENGINE1,F0_INTRINSIC_OPENING,1.0000000000000224,0.9999999999998899,0.0,0.0,-0.0,0.0,True,analytic_barrier_and_renewal_quadrature,0.0
P55_TRANSFER_V1_RANK1,900.0,0.005,0.07509316036236147,EXPONENTIAL_CRN_1720_ENGINE1,F0_INTRINSIC_OPENING,1.0000000000000224,0.9999999999998899,0.0,0.0,-0.0,0.0,True,analytic_barrier_and_renewal_quadrature,0.0
P55_TRANSFER_V1_RANK1,900.0,0.005,0.07509316036236147,EXPONENTIAL_CRN_1720_ENGINE1,F1_EMISSION_BLUNTING,1.0000000000000002,0.9999999999998899,0.0,0.0,-0.0,0.0,True,finite_difference_transient_state_at_fixed_load,0.0
P55_TRANSFER_V1_RANK1,925.0,0.005,0.07509316036236147,EXPONENTIAL_CRN_1720_ENGINE1,F0_INTRINSIC_OPENING,1.0000000000000224,0.9999999999998899,0.0,0.0,-0.0,0.0,True,analytic_barrier_and_renewal_quadrature,0.0
P55_TRANSFER_V1_RANK1,950.0,0.005,0.07509316036236147,EXPONENTIAL_CRN_1720_ENGINE1,F0_INTRINSIC_OPENING,1.0000000000000224,0.9999999999998899,0.0,0.0,-0.0,0.0,True,analytic_barrier_and_renewal_quadrature,0.0
P55_TRANSFER_V1_RANK1,975.0,0.005,0.07509316036236147,EXPONENTIAL_CRN_1720_ENGINE1,F0_INTRINSIC_OPENING,1.0000000000000224,0.9999999999998899,0.0,0.0,-0.0,0.0,True,analytic_barrier_and_renewal_quadrature,0.0
P55_TRANSFER_V1_RANK1,975.0,0.005,0.07509316036236147,EXPONENTIAL_CRN_1720_ENGINE1,F1_EMISSION_BLUNTING,1.0000000000000002,0.9999999999998899,0.0,0.0,-0.0,0.0,True,finite_difference_transient_state_at_fixed_load,0.0
P55_TRANSFER_V1_RANK1,1000.0,0.005,0.07509316036236147,EXPONENTIAL_CRN_1720_ENGINE1,F0_INTRINSIC_OPENING,1.0000000000000224,0.9999999999998899,0.0,0.0,-0.0,0.0,True,analytic_barrier_and_renewal_quadrature,0.0
P55_TRANSFER_V1_RANK1,1025.0,0.005,0.07509316036236147,EXPONENTIAL_CRN_1720_ENGINE1,F0_INTRINSIC_OPENING,1.0000000000000224,0.9999999999998899,0.0,0.0,-0.0,0.0,True,analytic_barrier_and_renewal_quadrature,0.0
P55_TRANSFER_V1_RANK1,1025.0,0.005,0.07509316036236147,EXPONENTIAL_CRN_1720_ENGINE1,F1_EMISSION_BLUNTING,1.0000000000000002,0.9999999999998899,0.0,0.0,-0.0,0.0,True,finite_difference_transient_state_at_fixed_load,2.220446049250313e-16
P55_TRANSFER_V1_RANK1,1050.0,0.005,0.07509316036236147,EXPONENTIAL_CRN_1720_ENGINE1,F0_INTRINSIC_OPENING,1.0000000000000224,0.9999999999998899,0.0,0.0,-0.0,0.0,True,analytic_barrier_and_renewal_quadrature,0.0
P55_TRANSFER_V1_RANK1,1075.0,0.005,0.07509316036236147,EXPONENTIAL_CRN_1720_ENGINE1,F0_INTRINSIC_OPENING,1.0000000000000224,0.9999999999998899,0.0,0.0,-0.0,0.0,True,analytic_barrier_and_renewal_quadrature,0.0
P55_TRANSFER_V1_RANK1,1100.0,0.005,0.07509316036236147,EXPONENTIAL_CRN_1720_ENGINE1,F0_INTRINSIC_OPENING,1.0000000000000224,0.9999999999998899,0.0,0.0,-0.0,0.0,True,analytic_barrier_and_renewal_quadrature,0.0
P55_TRANSFER_V1_RANK1,1125.0,0.005,0.07509316036236147,EXPONENTIAL_CRN_1720_ENGINE1,F0_INTRINSIC_OPENING,1.0000000000000224,0.9999999999998899,0.0,0.0,-0.0,0.0,True,analytic_barrier_and_renewal_quadrature,0.0
P55_TRANSFER_V1_RANK1,1150.0,0.005,0.07509316036236147,EXPONENTIAL_CRN_1720_ENGINE1,F0_INTRINSIC_OPENING,1.0000000000000224,0.9999999999998899,0.0,0.0,-0.0,0.0,True,analytic_barrier_and_renewal_quadrature,0.0
P55_TRANSFER_V1_RANK1,1175.0,0.005,0.07509316036236147,EXPONENTIAL_CRN_1720_ENGINE1,F0_INTRINSIC_OPENING,1.0000000000000224,0.9999999999998899,0.0,0.0,-0.0,0.0,True,analytic_barrier_and_renewal_quadrature,0.0
P55_TRANSFER_V1_RANK1,1200.0,0.005,0.07509316036236147,EXPONENTIAL_CRN_1720_ENGINE1,F0_INTRINSIC_OPENING,1.0000000000000224,0.9999999999998899,0.0,0.0,-0.0,0.0,True,analytic_barrier_and_renewal_quadrature,0.0
P55_TRANSFER_V1_RANK1,300.0,0.05,0.07509316036236147,EXPONENTIAL_CRN_1720_ENGINE1,F0_INTRINSIC_OPENING,1.0001595953516622,1.0001595953501585,0.18393666081389815,0.18393666544380682,-0.18390731006207553,-0.18390731342644795,True,analytic_barrier_and_renewal_quadrature,0.0
P55_TRANSFER_V1_RANK1,300.0,0.05,0.07509316036236147,EXPONENTIAL_CRN_1720_ENGINE1,F1_EMISSION_BLUNTING,1.0001595953522031,1.000159595352379,0.1839366654438246,0.1839366654438246,-0.18390731469116373,-0.1839073134270075,True,finite_difference_transient_state_at_fixed_load,8.548717289613705e-15
P55_TRANSFER_V1_RANK1,325.0,0.05,0.07509316036236147,EXPONENTIAL_CRN_1720_ENGINE1,F0_INTRINSIC_OPENING,1.000000127017724,1.0000001270116243,0.15552310493295737,0.15552310744753495,-0.1555230851787691,-0.1555230876927194,True,analytic_barrier_and_renewal_quadrature,0.0
P55_TRANSFER_V1_RANK1,325.0,0.05,0.07509316036236147,EXPONENTIAL_CRN_1720_ENGINE1,F1_EMISSION_BLUNTING,1.0000001270177246,1.0000001270182857,0.15552310744752162,0.15552310744752162,-0.1555230876933329,-0.1555230876927105,True,finite_difference_transient_state_at_fixed_load,2.220446049250313e-16
P55_TRANSFER_V1_RANK1,350.0,0.05,0.07509316036236147,EXPONENTIAL_CRN_1720_ENGINE1,F0_INTRINSIC_OPENING,1.0000000002985319,1.00000000029965,0.13086902811227455,0.13086902843092663,-0.13086902807320597,-0.13086902839178904,True,analytic_barrier_and_renewal_quadrature,0.0
P55_TRANSFER_V1_RANK1,350.0,0.05,0.07509316036236147,EXPONENTIAL_CRN_1720_ENGINE1,F1_EMISSION_BLUNTING,1.000000000298536,1.00000000029965,0.13086902843093107,0.13086902843093107,-0.13086902839186193,-0.13086902839184233,True,finite_difference_transient_state_at_fixed_load,2.220446049250313e-16
P55_TRANSFER_V1_RANK1,375.0,0.05,0.07509316036236147,EXPONENTIAL_CRN_1720_ENGINE1,F0_INTRINSIC_OPENING,1.0000000000018519,1.0000000000021103,0.10666895507679161,0.1066689530497289,-0.10666895507659407,-0.10666895304952462,True,analytic_barrier_and_renewal_quadrature,0.0
P55_TRANSFER_V1_RANK1,375.0,0.05,0.07509316036236147,EXPONENTIAL_CRN_1720_ENGINE1,F1_EMISSION_BLUNTING,1.0000000000017564,1.0000000000021103,0.1066689530497289,0.1066689530497289,-0.10666895304954155,-0.10666895304973778,True,finite_difference_transient_state_at_fixed_load,4.884981308350689e-15
P55_TRANSFER_V1_RANK1,400.0,0.05,0.07509316036236147,EXPONENTIAL_CRN_1720_ENGINE1,F0_INTRINSIC_OPENING,1.00000000000003,1.0000000000021103,0.07950685723813697,0.07950685362771992,-0.07950685723813458,-0.07950685362771992,True,analytic_barrier_and_renewal_quadrature,0.0
P55_TRANSFER_V1_RANK1,400.0,0.05,0.07509316036236147,EXPONENTIAL_CRN_1720_ENGINE1,F1_EMISSION_BLUNTING,1.000000000000029,1.0000000000021103,0.07950685362771992,0.07950685362771992,-0.0795068536277176,-0.07950685362771992,True,finite_difference_transient_state_at_fixed_load,0.0
P55_TRANSFER_V1_RANK1,425.0,0.05,0.07509316036236147,EXPONENTIAL_CRN_1720_ENGINE1,F0_INTRINSIC_OPENING,0.9999999999999989,0.9999999999998899,0.047469315504001984,0.04746931494298945,-0.04746931550400204,-0.04746931494299389,True,analytic_barrier_and_renewal_quadrature,0.0
P55_TRANSFER_V1_RANK1,425.0,0.05,0.07509316036236147,EXPONENTIAL_CRN_1720_ENGINE1,F1_EMISSION_BLUNTING,1.0000000000000024,0.9999999999998899,0.04746931494299389,0.04746931494299389,-0.04746931494299377,-0.04746931494299389,True,finite_difference_transient_state_at_fixed_load,1.1102230246251565e-15
P55_TRANSFER_V1_RANK1,450.0,0.05,0.07509316036236147,EXPONENTIAL_CRN_1720_ENGINE1,F0_INTRINSIC_OPENING,0.999999999999999,0.9999999999998899,0.016069804037405565,0.016069816623325295,-0.016069804037405582,-0.01606981662334306,True,analytic_barrier_and_renewal_quadrature,0.0
P55_TRANSFER_V1_RANK1,450.0,0.05,0.07509316036236147,EXPONENTIAL_CRN_1720_ENGINE1,F1_EMISSION_BLUNTING,0.9999999999999999,0.9999999999998899,0.016069816623316413,0.016069816623316413,-0.016069816623316416,-0.01606981662334306,True,finite_difference_transient_state_at_fixed_load,5.551115123125783e-16
P55_TRANSFER_V1_RANK1,475.0,0.05,0.07509316036236147,EXPONENTIAL_CRN_1720_ENGINE1,F0_INTRINSIC_OPENING,1.0000000000000333,0.9999999999998899,0.0013051553926425477,0.001305164659717306,-0.0013051553926425043,-0.001305164659726188,True,analytic_barrier_and_renewal_quadrature,0.0
P55_TRANSFER_V1_RANK1,475.0,0.05,0.07509316036236147,EXPONENTIAL_CRN_1720_ENGINE1,F1_EMISSION_BLUNTING,1.0000000000000009,0.9999999999998899,0.0013051646597306288,0.0013051646597306288,-0.0013051646597306277,-0.001305164659761715,True,finite_difference_transient_state_at_fixed_load,0.0
P55_TRANSFER_V1_RANK1,500.0,0.05,0.07509316036236147,EXPONENTIAL_CRN_1720_ENGINE1,F0_INTRINSIC_OPENING,1.0000000000000224,0.9999999999998899,6.630059616438477e-06,6.630265123597212e-06,-6.630059616438328e-06,-6.63026511915632e-06,True,analytic_barrier_and_renewal_quadrature,0.0
P55_TRANSFER_V1_RANK1,500.0,0.05,0.07509316036236147,EXPONENTIAL_CRN_1720_ENGINE1,F1_EMISSION_BLUNTING,1.0000000000000004,0.9999999999998899,6.630265114715428e-06,6.630265114715428e-06,-6.630265114715425e-06,-6.63026511915632e-06,True,finite_difference_transient_state_at_fixed_load,0.0
P55_TRANSFER_V1_RANK1,525.0,0.05,0.07509316036236147,EXPONENTIAL_CRN_1720_ENGINE1,F0_INTRINSIC_OPENING,1.00000000000002,1.0000000000021103,5.543227716043008e-10,5.543743242242272e-10,-5.543227716042897e-10,-5.543654424400302e-10,True,analytic_barrier_and_renewal_quadrature,0.0
P55_TRANSFER_V1_RANK1,525.0,0.05,0.07509316036236147,EXPONENTIAL_CRN_1720_ENGINE1,F1_EMISSION_BLUNTING,1.0000000000000002,1.0000000000021103,5.543787651163257e-10,5.543787651163257e-10,-5.543787651163256e-10,-5.543654424400302e-10,True,finite_difference_transient_state_at_fixed_load,0.0
P55_TRANSFER_V1_RANK1,550.0,0.05,0.07509316036236147,EXPONENTIAL_CRN_1720_ENGINE1,F0_INTRINSIC_OPENING,1.0000000000000233,0.9999999999998899,1.7537054326934826e-16,0.0,-1.7537054326934417e-16,0.0,True,analytic_barrier_and_renewal_quadrature,0.0
P55_TRANSFER_V1_RANK1,550.0,0.05,0.07509316036236147,EXPONENTIAL_CRN_1720_ENGINE1,F1_EMISSION_BLUNTING,1.0000000000000004,0.9999999999976694,0.0,0.0,-0.0,0.0,True,finite_difference_transient_state_at_fixed_load,0.0
P55_TRANSFER_V1_RANK1,575.0,0.05,0.07509316036236147,EXPONENTIAL_CRN_1720_ENGINE1,F0_INTRINSIC_OPENING,1.00000000000002,0.9999999999998899,3.678713151594581e-26,0.0,-3.6787131515945073e-26,0.0,True,analytic_barrier_and_renewal_quadrature,0.0
P55_TRANSFER_V1_RANK1,575.0,0.05,0.07509316036236147,EXPONENTIAL_CRN_1720_ENGINE1,F1_EMISSION_BLUNTING,0.9999999999999999,0.9999999999998899,0.0,0.0,-0.0,0.0,True,finite_difference_transient_state_at_fixed_load,2.220446049250313e-16
P55_TRANSFER_V1_RANK1,600.0,0.05,0.07509316036236147,EXPONENTIAL_CRN_1720_ENGINE1,F0_INTRINSIC_OPENING,1.00000000000002,0.9999999999998899,6.900527527291901e-40,0.0,-6.900527527291763e-40,0.0,True,analytic_barrier_and_renewal_quadrature,0.0
P55_TRANSFER_V1_RANK1,600.0,0.05,0.07509316036236147,EXPONENTIAL_CRN_1720_ENGINE1,F1_EMISSION_BLUNTING,0.9999999999999999,0.9999999999998899,0.0,0.0,-0.0,0.0,True,finite_difference_transient_state_at_fixed_load,0.0
P55_TRANSFER_V1_RANK1,625.0,0.05,0.07509316036236147,EXPONENTIAL_CRN_1720_ENGINE1,F0_INTRINSIC_OPENING,1.00000000000002,0.9999999999998899,1.2353551236062696e-58,0.0,-1.2353551236062449e-58,0.0,True,analytic_barrier_and_renewal_quadrature,0.0
P55_TRANSFER_V1_RANK1,625.0,0.05,0.07509316036236147,EXPONENTIAL_CRN_1720_ENGINE1,F1_EMISSION_BLUNTING,0.9999999999999999,0.9999999999998899,0.0,0.0,-0.0,0.0,True,finite_difference_transient_state_at_fixed_load,0.0
P55_TRANSFER_V1_RANK1,650.0,0.05,0.07509316036236147,EXPONENTIAL_CRN_1720_ENGINE1,F0_INTRINSIC_OPENING,1.00000000000002,0.9999999999998899,1.8478568191339e-83,0.0,-1.847856819133863e-83,0.0,True,analytic_barrier_and_renewal_quadrature,0.0
P55_TRANSFER_V1_RANK1,650.0,0.05,0.07509316036236147,EXPONENTIAL_CRN_1720_ENGINE1,F1_EMISSION_BLUNTING,0.9999999999999999,0.9999999999998899,0.0,0.0,-0.0,0.0,True,finite_difference_transient_state_at_fixed_load,2.220446049250313e-16
P55_TRANSFER_V1_RANK1,675.0,0.05,0.07509316036236147,EXPONENTIAL_CRN_1720_ENGINE1,F0_INTRINSIC_OPENING,1.00000000000002,0.9999999999998899,1.7286318647442898e-115,0.0,-1.7286318647442553e-115,0.0,True,analytic_barrier_and_renewal_quadrature,0.0
P55_TRANSFER_V1_RANK1,675.0,0.05,0.07509316036236147,EXPONENTIAL_CRN_1720_ENGINE1,F1_EMISSION_BLUNTING,0.9999999999999999,0.9999999999976694,0.0,0.0,-0.0,0.0,True,finite_difference_transient_state_at_fixed_load,2.220446049250313e-16
P55_TRANSFER_V1_RANK1,700.0,0.05,0.07509316036236147,EXPONENTIAL_CRN_1720_ENGINE1,F0_INTRINSIC_OPENING,1.00000000000002,0.9999999999998899,6.765584567157227e-156,0.0,-6.765584567157091e-156,0.0,True,analytic_barrier_and_renewal_quadrature,0.0
P55_TRANSFER_V1_RANK1,700.0,0.05,0.07509316036236147,EXPONENTIAL_CRN_1720_ENGINE1,F1_EMISSION_BLUNTING,1.0000000000000002,0.9999999999998899,0.0,0.0,-0.0,0.0,True,finite_difference_transient_state_at_fixed_load,0.0
P55_TRANSFER_V1_RANK1,725.0,0.05,0.07509316036236147,EXPONENTIAL_CRN_1720_ENGINE1,F0_INTRINSIC_OPENING,1.00000000000002,0.9999999999998899,6.929486244514869e-206,0.0,-6.929486244514731e-206,0.0,True,analytic_barrier_and_renewal_quadrature,0.0
P55_TRANSFER_V1_RANK1,725.0,0.05,0.07509316036236147,EXPONENTIAL_CRN_1720_ENGINE1,F1_EMISSION_BLUNTING,0.9999999999999999,0.9999999999998899,0.0,0.0,-0.0,0.0,True,finite_difference_transient_state_at_fixed_load,0.0
P55_TRANSFER_V1_RANK1,750.0,0.05,0.07509316036236147,EXPONENTIAL_CRN_1720_ENGINE1,F0_INTRINSIC_OPENING,1.00000000000002,0.9999999999998899,1.1350850907424496e-266,0.0,-1.1350850907424269e-266,0.0,True,analytic_barrier_and_renewal_quadrature,0.0
P55_TRANSFER_V1_RANK1,775.0,0.05,0.07509316036236147,EXPONENTIAL_CRN_1720_ENGINE1,F0_INTRINSIC_OPENING,1.00000000000002,0.9999999999998899,0.0,0.0,-0.0,0.0,True,analytic_barrier_and_renewal_quadrature,0.0
P55_TRANSFER_V1_RANK1,800.0,0.05,0.07509316036236147,EXPONENTIAL_CRN_1720_ENGINE1,F0_INTRINSIC_OPENING,1.00000000000002,0.9999999999998899,0.0,0.0,-0.0,0.0,True,analytic_barrier_and_renewal_quadrature,0.0
P55_TRANSFER_V1_RANK1,825.0,0.05,0.07509316036236147,EXPONENTIAL_CRN_1720_ENGINE1,F0_INTRINSIC_OPENING,1.00000000000002,0.9999999999998899,0.0,0.0,-0.0,0.0,True,analytic_barrier_and_renewal_quadrature,0.0
P55_TRANSFER_V1_RANK1,850.0,0.05,0.07509316036236147,EXPONENTIAL_CRN_1720_ENGINE1,F0_INTRINSIC_OPENING,1.00000000000002,0.9999999999998899,0.0,0.0,-0.0,0.0,True,analytic_barrier_and_renewal_quadrature,0.0
P55_TRANSFER_V1_RANK1,875.0,0.05,0.07509316036236147,EXPONENTIAL_CRN_1720_ENGINE1,F0_INTRINSIC_OPENING,1.00000000000002,0.9999999999998899,0.0,0.0,-0.0,0.0,True,analytic_barrier_and_renewal_quadrature,0.0
P55_TRANSFER_V1_RANK1,900.0,0.05,0.07509316036236147,EXPONENTIAL_CRN_1720_ENGINE1,F0_INTRINSIC_OPENING,1.00000000000002,0.9999999999998899,0.0,0.0,-0.0,0.0,True,analytic_barrier_and_renewal_quadrature,0.0
P55_TRANSFER_V1_RANK1,925.0,0.05,0.07509316036236147,EXPONENTIAL_CRN_1720_ENGINE1,F0_INTRINSIC_OPENING,1.00000000000002,0.9999999999998899,0.0,0.0,-0.0,0.0,True,analytic_barrier_and_renewal_quadrature,0.0
P55_TRANSFER_V1_RANK1,950.0,0.05,0.07509316036236147,EXPONENTIAL_CRN_1720_ENGINE1,F0_INTRINSIC_OPENING,1.00000000000002,0.9999999999998899,0.0,0.0,-0.0,0.0,True,analytic_barrier_and_renewal_quadrature,0.0
P55_TRANSFER_V1_RANK1,975.0,0.05,0.07509316036236147,EXPONENTIAL_CRN_1720_ENGINE1,F0_INTRINSIC_OPENING,1.00000000000002,0.9999999999998899,0.0,0.0,-0.0,0.0,True,analytic_barrier_and_renewal_quadrature,0.0
P55_TRANSFER_V1_RANK1,1000.0,0.05,0.07509316036236147,EXPONENTIAL_CRN_1720_ENGINE1,F0_INTRINSIC_OPENING,1.00000000000002,0.9999999999998899,0.0,0.0,-0.0,0.0,True,analytic_barrier_and_renewal_quadrature,0.0
P55_TRANSFER_V1_RANK1,1025.0,0.05,0.07509316036236147,EXPONENTIAL_CRN_1720_ENGINE1,F0_INTRINSIC_OPENING,1.00000000000002,0.9999999999998899,0.0,0.0,-0.0,0.0,True,analytic_barrier_and_renewal_quadrature,0.0
P55_TRANSFER_V1_RANK1,1050.0,0.05,0.07509316036236147,EXPONENTIAL_CRN_1720_ENGINE1,F0_INTRINSIC_OPENING,1.00000000000002,0.9999999999998899,0.0,0.0,-0.0,0.0,True,analytic_barrier_and_renewal_quadrature,0.0
P55_TRANSFER_V1_RANK1,1075.0,0.05,0.07509316036236147,EXPONENTIAL_CRN_1720_ENGINE1,F0_INTRINSIC_OPENING,1.00000000000002,0.9999999999998899,0.0,0.0,-0.0,0.0,True,analytic_barrier_and_renewal_quadrature,0.0
P55_TRANSFER_V1_RANK1,1100.0,0.05,0.07509316036236147,EXPONENTIAL_CRN_1720_ENGINE1,F0_INTRINSIC_OPENING,1.00000000000002,0.9999999999998899,0.0,0.0,-0.0,0.0,True,analytic_barrier_and_renewal_quadrature,0.0
P55_TRANSFER_V1_RANK1,1125.0,0.05,0.07509316036236147,EXPONENTIAL_CRN_1720_ENGINE1,F0_INTRINSIC_OPENING,1.00000000000002,0.9999999999998899,0.0,0.0,-0.0,0.0,True,analytic_barrier_and_renewal_quadrature,0.0
P55_TRANSFER_V1_RANK1,1150.0,0.05,0.07509316036236147,EXPONENTIAL_CRN_1720_ENGINE1,F0_INTRINSIC_OPENING,1.00000000000002,0.9999999999998899,0.0,0.0,-0.0,0.0,True,analytic_barrier_and_renewal_quadrature,0.0
P55_TRANSFER_V1_RANK1,1175.0,0.05,0.07509316036236147,EXPONENTIAL_CRN_1720_ENGINE1,F0_INTRINSIC_OPENING,1.00000000000002,0.9999999999998899,0.0,0.0,-0.0,0.0,True,analytic_barrier_and_renewal_quadrature,0.0
P55_TRANSFER_V1_RANK1,1200.0,0.05,0.07509316036236147,EXPONENTIAL_CRN_1720_ENGINE1,F0_INTRINSIC_OPENING,1.00000000000002,0.9999999999998899,0.0,0.0,-0.0,0.0,True,analytic_barrier_and_renewal_quadrature,0.0
